['125156.745', (0.006981112062931061, -0.013962224125862122, -0.013962224125862122, -0.0908203125, 0.99853515625, 0.1240234375, -3.757798194885254, -3.757798194885254, -0.8091742992401123, 0)]
['125156.821', (0.0, -0.010471668094396591, -0.013962224125862122, -0.08642578125, 0.994140625, 0.12255859375, -3.757798194885254, -3.757798194885254, -0.8082568645477295, 0)]
['125157.078', (-0.0011635186383500695, -0.015125742182135582, -0.013962224125862122, -0.0908203125, 0.997802734375, 0.1240234375, -3.757798194885254, -3.757798194885254, -0.8073394298553467, 0)]
['125157.260', (0.0011635186383500695, -0.013962224125862122, -0.012798705138266087, -0.091552734375, 0.995361328125, 0.124755859375, -3.757798194885254, -3.757798194885254, -0.8091742992401123, 0)]
['125158.168', (0.006981112062931061, -0.015125742182135582, -0.012798705138266087, -0.093017578125, 0.998779296875, 0.12548828125, -3.757798194885254, -3.757798194885254, -0.8055046200752258, 0)]
['125158.263', (0.002327037276700139, -0.011635186150670052, -0.012798705138266087, -0.09228515625, 0.994140625, 0.12451171875, -3.757798194885254, -3.757798194885254, -0.8082568645477295, 0)]
['125200.205', (0.005817593075335026, -0.015125742182135582, -0.017452780157327652, -0.0927734375, 0.995361328125, 0.124267578125, -3.757798194885254, -3.757798194885254, -0.8073394298553467, 0)]
['125200.578', (0.002327037276700139, -0.010471668094396591, -0.012798705138266087, -0.093505859375, 0.994140625, 0.12158203125, -3.757798194885254, -3.757798194885254, -0.8055046200752258, 0)]
['125200.666', (0.002327037276700139, -0.012798705138266087, -0.009308149106800556, -0.094970703125, 0.996337890625, 0.12451171875, -3.757798194885254, -3.757798194885254, -0.8036697506904602, 0)]
['125201.739', (0.006981112062931061, -0.013962224125862122, -0.012798705138266087, -0.09228515625, 0.9970703125, 0.121826171875, -3.757798194885254, -3.757798194885254, -0.8064219951629639, 0)]
['125202.531', (0.004654074553400278, -0.015125742182135582, -0.012798705138266087, -0.09130859375, 0.995849609375, 0.12255859375, -3.757798194885254, -3.757798194885254, -0.8036697506904602, 0)]
['125203.092', (0.004654074553400278, -0.012798705138266087, -0.012798705138266087, -0.09375, 1.00048828125, 0.120361328125, -3.757798194885254, -3.757798194885254, -0.800000011920929, 0)]
['125203.132', (0.008144630119204521, -0.013962224125862122, -0.012798705138266087, -0.09228515625, 0.9921875, 0.12255859375, -3.757798194885254, -3.757798194885254, -0.8018348813056946, 0)]
['125203.150', (0.006981112062931061, -0.010471668094396591, -0.016289260238409042, -0.094970703125, 0.994140625, 0.119873046875, -3.757798194885254, -3.757798194885254, -0.8036697506904602, 0)]
['125203.216', (0.004654074553400278, -0.013962224125862122, -0.010471668094396591, -0.096435546875, 0.9970703125, 0.1220703125, -3.757798194885254, -3.757798194885254, -0.8018348813056946, 0)]
['125203.234', (0.002327037276700139, -0.010471668094396591, -0.009308149106800556, -0.091796875, 0.9970703125, 0.122314453125, -3.757798194885254, -3.757798194885254, -0.800000011920929, 0)]
['125203.801', (0.0011635186383500695, -0.011635186150670052, -0.012798705138266087, -0.0908203125, 0.9921875, 0.120361328125, -3.757798194885254, -3.757798194885254, -0.800000011920929, 0)]
['125204.413', (0.0034905560314655304, -0.012798705138266087, -0.009308149106800556, -0.09326171875, 0.997802734375, 0.120849609375, -3.757798194885254, -3.757798194885254, -0.8036697506904602, 0)]
['125204.422', (0.004654074553400278, -0.016289260238409042, -0.012798705138266087, -0.093505859375, 0.99609375, 0.125, -3.757798194885254, -3.757798194885254, -0.8018348813056946, 0)]
['125205.857', (0.0034905560314655304, -0.010471668094396591, -0.016289260238409042, -0.09375, 1.00048828125, 0.12255859375, -3.757798194885254, -3.757798194885254, -0.8064219951629639, 0)]
['125207.390', (0.002327037276700139, -0.011635186150670052, -0.009308149106800556, -0.09375, 0.9990234375, 0.1240234375, -3.757798194885254, -3.757798194885254, -0.800000011920929, 0)]
['125207.417', (0.002327037276700139, -0.010471668094396591, -0.013962224125862122, -0.093994140625, 0.999267578125, 0.122314453125, -3.757798194885254, -3.757798194885254, -0.800000011920929, 0)]
['125207.467', (-0.0011635186383500695, -0.010471668094396591, -0.011635186150670052, -0.093017578125, 0.994873046875, 0.121826171875, -3.757798194885254, -3.757798194885254, -0.8018348813056946, 0)]
['125207.502', (0.0034905560314655304, -0.013962224125862122, -0.011635186150670052, -0.09326171875, 0.99951171875, 0.12060546875, -3.757798194885254, -3.757798194885254, -0.8009174466133118, 0)]
['125207.566', (0.002327037276700139, -0.009308149106800556, -0.013962224125862122, -0.09326171875, 0.99951171875, 0.118896484375, -3.757798194885254, -3.757798194885254, -0.8009174466133118, 0)]
['125207.580', (0.0011635186383500695, -0.011635186150670052, -0.010471668094396591, -0.09130859375, 0.99169921875, 0.121826171875, -3.757798194885254, -3.757798194885254, -0.8009174466133118, 0)]
['125207.800', (0.002327037276700139, -0.015125742182135582, -0.011635186150670052, -0.095458984375, 0.994140625, 0.1220703125, -3.757798194885254, -3.757798194885254, -0.8018348813056946, 0)]
['125207.853', (0.0034905560314655304, -0.016289260238409042, -0.013962224125862122, -0.091796875, 1.00048828125, 0.12353515625, -3.757798194885254, -3.757798194885254, -0.8018348813056946, 0)]
['125207.889', (0.002327037276700139, -0.013962224125862122, -0.009308149106800556, -0.09033203125, 0.995849609375, 0.12109375, -3.757798194885254, -3.757798194885254, -0.8018348813056946, 0)]
['125207.974', (0.0, -0.012798705138266087, -0.018616298213601112, -0.095703125, 0.998046875, 0.12109375, -3.757798194885254, -3.757798194885254, -0.8027523159980774, 0)]
['125208.081', (0.0011635186383500695, -0.015125742182135582, -0.012798705138266087, -0.094482421875, 0.99560546875, 0.123046875, -3.757798194885254, -3.757798194885254, -0.8009174466133118, 0)]
['125208.103', (-0.0011635186383500695, -0.012798705138266087, -0.015125742182135582, -0.091796875, 0.99560546875, 0.12451171875, -3.757798194885254, -3.757798194885254, -0.8036697506904602, 0)]
['125208.108', (0.002327037276700139, -0.013962224125862122, -0.010471668094396591, -0.09228515625, 0.999267578125, 0.12548828125, -3.757798194885254, -3.757798194885254, -0.8036697506904602, 0)]
['125208.140', (0.0011635186383500695, -0.016289260238409042, -0.012798705138266087, -0.09130859375, 0.99560546875, 0.123291015625, -3.757798194885254, -3.757798194885254, -0.8055046200752258, 0)]
['125208.583', (0.0011635186383500695, -0.015125742182135582, -0.011635186150670052, -0.090087890625, 0.99755859375, 0.124755859375, -3.757798194885254, -3.757798194885254, -0.8064219951629639, 0)]
['125208.808', (0.004654074553400278, -0.012798705138266087, -0.010471668094396591, -0.093017578125, 0.993408203125, 0.12451171875, -3.757798194885254, -3.757798194885254, -0.804587185382843, 0)]
['125209.321', (0.002327037276700139, -0.012798705138266087, -0.010471668094396591, -0.09130859375, 0.99560546875, 0.12109375, -3.757798194885254, -3.757798194885254, -0.804587185382843, 0)]
['125209.706', (0.004654074553400278, -0.012798705138266087, -0.010471668094396591, -0.092041015625, 0.996826171875, 0.12109375, -3.757798194885254, -3.757798194885254, -0.7990825772285461, 0)]
['125210.248', (0.0011635186383500695, -0.012798705138266087, -0.011635186150670052, -0.091796875, 0.99462890625, 0.12353515625, -3.757798194885254, -3.757798194885254, -0.8018348813056946, 0)]
['125210.253', (0.002327037276700139, -0.013962224125862122, -0.011635186150670052, -0.093994140625, 0.996337890625, 0.122802734375, -3.757798194885254, -3.757798194885254, -0.8009174466133118, 0)]
['125210.461', (0.0, -0.011635186150670052, -0.010471668094396591, -0.0927734375, 0.9921875, 0.1201171875, -3.757798194885254, -3.757798194885254, -0.7990825772285461, 0)]
['125210.541', (0.011635186150670052, -0.013962224125862122, -0.012798705138266087, -0.09033203125, 0.99951171875, 0.123046875, -3.757798194885254, -3.757798194885254, -0.8018348813056946, 0)]
['125210.554', (0.006981112062931061, -0.015125742182135582, -0.016289260238409042, -0.09130859375, 0.9931640625, 0.121337890625, -3.757798194885254, -3.757798194885254, -0.800000011920929, 0)]
['125210.859', (0.0011635186383500695, -0.012798705138266087, -0.013962224125862122, -0.092041015625, 0.99560546875, 0.1220703125, -3.757798194885254, -3.757798194885254, -0.7981651425361633, 0)]
['125211.379', (0.0, -0.015125742182135582, -0.017452780157327652, -0.09033203125, 0.997314453125, 0.120849609375, -3.757798194885254, -3.757798194885254, -0.8018348813056946, 0)]
['125212.190', (0.12100593745708466, -0.011635186150670052, 0.3537096679210663, -0.052734375, 0.9775390625, 0.10595703125, -3.757798194885254, -3.757798194885254, -0.9688073396682739, 0)]
['125212.395', (0.18965353071689606, 0.013962224125862122, 0.07446519285440445, 0.0869140625, 1.0205078125, 0.09033203125, -3.757798194885254, -3.757798194885254, -1.2440366744995117, 0)]
['125212.508', (0.710909903049469, 0.1500938981771469, 0.13962224125862122, -0.0478515625, 1.058837890625, 0.080078125, -1.731192708015442, -3.757798194885254, -1.57798171043396, 0)]
['125213.199', (-0.35952726006507874, 0.12915056943893433, 0.051194820553064346, 0.0078125, 1.055419921875, 0.0, -1.0715596675872803, -3.757798194885254, -3.757798194885254, 0)]
['125213.835', (0.23270373046398163, -0.08493685722351074, -0.037232596427202225, 0.06103515625, 1.0146484375, 0.05078125, -1.4642201662063599, -3.757798194885254, -3.757798194885254, 0)]
['125215.167', (-0.05817593261599541, 0.032578520476818085, 0.004654074553400278, 0.11767578125, 0.9970703125, -0.029296875, -1.3816514015197754, -3.757798194885254, -3.757798194885254, 0)]
['125215.882', (0.29087966680526733, -0.2873890995979309, -0.1361316740512848, 0.072509765625, 0.82861328125, -0.42578125, -0.6935780048370361, -3.757798194885254, -3.757798194885254, 0)]
['125215.958', (-0.29320669174194336, -0.041886672377586365, 0.041886672377586365, 0.0185546875, 0.80615234375, -0.4521484375, -0.6889908313751221, -3.757798194885254, -3.757798194885254, 0)]
['125216.704', (0.037232596427202225, -0.004654074553400278, 0.13496816158294678, 0.045166015625, 1.02294921875, 0.044189453125, -1.3495413064956665, -3.757798194885254, -3.757798194885254, 0)]
['125217.535', (-0.9156891703605652, 0.35138264298439026, 0.40955856442451477, 0.00927734375, 0.8564453125, -0.411376953125, -0.6073394417762756, -3.757798194885254, -3.757798194885254, 0)]
['125218.739', (0.943613588809967, -0.07679223269224167, -0.3804706037044525, 0.076416015625, 0.91943359375, -0.3271484375, -0.78899085521698, -3.757798194885254, -3.757798194885254, 0)]
['125220.469', (-0.019779816269874573, -0.018616298213601112, -0.016289260238409042, -0.096435546875, 0.99267578125, 0.0869140625, -1.6706422567367554, -3.757798194885254, -3.757798194885254, 0)]
['125220.731', (-0.015125742182135582, -0.031415004283189774, -0.027924448251724243, -0.098876953125, 1.00244140625, 0.080810546875, -1.694495439529419, -3.757798194885254, -3.757798194885254, 0)]
['125220.745', (-0.012798705138266087, -0.026760928332805634, -0.011635186150670052, -0.09814453125, 0.99462890625, 0.087890625, -1.6963303089141846, -3.757798194885254, -3.757798194885254, 0)]
['125220.768', (0.0, -0.017452780157327652, -0.015125742182135582, -0.09619140625, 0.99609375, 0.0849609375, -1.7000000476837158, -3.757798194885254, -3.757798194885254, 0)]
['125220.777', (0.005817593075335026, -0.011635186150670052, -0.005817593075335026, -0.0888671875, 0.996337890625, 0.081787109375, -1.6981651782989502, -3.757798194885254, -3.757798194885254, 0)]
['125221.309', (0.0034905560314655304, -0.016289260238409042, -0.018616298213601112, -0.06689453125, 0.99853515625, 0.078369140625, -1.730275273323059, -3.757798194885254, -3.757798194885254, 0)]
['125221.412', (-0.002327037276700139, -0.009308149106800556, -0.012798705138266087, -0.06640625, 1.00146484375, 0.08203125, -1.731192708015442, -3.757798194885254, -3.757798194885254, 0)]
['125221.496', (-0.004654074553400278, -0.013962224125862122, -0.008144630119204521, -0.0654296875, 1.003173828125, 0.0810546875, -1.7293578386306763, -3.757798194885254, -3.757798194885254, 0)]
['125221.715', (0.0011635186383500695, -0.016289260238409042, -0.013962224125862122, -0.0732421875, 1.00048828125, 0.080810546875, -1.730275273323059, -3.757798194885254, -3.757798194885254, 0)]
['125221.924', (0.008144630119204521, -0.011635186150670052, -0.019779816269874573, -0.0673828125, 1.002197265625, 0.082763671875, -1.7348624467849731, -3.757798194885254, -3.757798194885254, 0)]
['125221.959', (0.010471668094396591, -0.010471668094396591, -0.017452780157327652, -0.07421875, 1.003173828125, 0.080078125, -1.7403669357299805, -3.757798194885254, -3.757798194885254, 0)]
['125222.153', (0.008144630119204521, -0.006981112062931061, -0.018616298213601112, -0.064453125, 1.003662109375, 0.076416015625, -1.752293586730957, -3.757798194885254, -3.757798194885254, 0)]
['125222.158', (0.010471668094396591, -0.004654074553400278, -0.020943336188793182, -0.06298828125, 1.0009765625, 0.079833984375, -1.7513761520385742, -3.757798194885254, -3.757798194885254, 0)]
['125222.530', (-0.010471668094396591, -0.017452780157327652, 0.0011635186383500695, -0.06640625, 1.00244140625, 0.083251953125, -1.7633028030395508, -3.757798194885254, -3.757798194885254, 0)]
['125224.686', (0.0011635186383500695, -0.011635186150670052, -0.010471668094396591, -0.070068359375, 1.001708984375, 0.083984375, -1.7633028030395508, -3.757798194885254, -3.757798194885254, 0)]
['125225.161', (0.006981112062931061, -0.013962224125862122, -0.006981112062931061, -0.06787109375, 0.9990234375, 0.080810546875, -1.7605504989624023, -3.757798194885254, -3.757798194885254, 0)]
['125225.197', (0.002327037276700139, -0.012798705138266087, -0.011635186150670052, -0.067626953125, 0.99658203125, 0.079345703125, -1.7642202377319336, -3.757798194885254, -3.757798194885254, 0)]
['125225.210', (0.002327037276700139, -0.012798705138266087, -0.011635186150670052, -0.070068359375, 1.00048828125, 0.078369140625, -1.766972541809082, -3.757798194885254, -3.757798194885254, 0)]
['125226.413', (0.004654074553400278, -0.013962224125862122, -0.010471668094396591, -0.0693359375, 1.001953125, 0.07763671875, -1.7807339429855347, -3.757798194885254, -3.757798194885254, 0)]
['125227.101', (0.0, -0.016289260238409042, -0.015125742182135582, -0.0693359375, 1.000732421875, 0.08203125, -1.7807339429855347, -3.757798194885254, -3.757798194885254, 0)]
['125227.123', (0.0, -0.013962224125862122, -0.009308149106800556, -0.0693359375, 1.00048828125, 0.07763671875, -1.7816513776779175, -3.757798194885254, -3.757798194885254, 0)]
['125227.210', (-0.0011635186383500695, -0.015125742182135582, -0.011635186150670052, -0.06982421875, 1.004638671875, 0.078125, -1.778899073600769, -3.757798194885254, -3.757798194885254, 0)]
['125228.064', (0.0034905560314655304, -0.012798705138266087, -0.012798705138266087, -0.069580078125, 1.002685546875, 0.078125, -1.7798165082931519, -3.757798194885254, -3.757798194885254, 0)]
['125228.155', (0.008144630119204521, -0.009308149106800556, -0.016289260238409042, -0.073974609375, 1.0048828125, 0.078857421875, -1.7761467695236206, -3.757798194885254, -3.757798194885254, 0)]
['125228.367', (0.002327037276700139, -0.012798705138266087, -0.012798705138266087, -0.070556640625, 1.003173828125, 0.0791015625, -1.778899073600769, -3.757798194885254, -3.757798194885254, 0)]
['125228.460', (0.005817593075335026, -0.011635186150670052, -0.017452780157327652, -0.06640625, 1.00146484375, 0.0830078125, -1.7807339429855347, -3.757798194885254, -3.757798194885254, 0)]
['125229.700', (0.005817593075335026, -0.011635186150670052, -0.010471668094396591, -0.0693359375, 1.001953125, 0.077880859375, -1.7917431592941284, -3.757798194885254, -3.757798194885254, 0)]
['125230.304', (-0.0011635186383500695, -0.011635186150670052, -0.010471668094396591, -0.068359375, 1.002197265625, 0.078369140625, -1.7963303327560425, -3.757798194885254, -3.757798194885254, 0)]
['125231.117', (-0.002327037276700139, -0.015125742182135582, -0.011635186150670052, -0.071044921875, 0.99853515625, 0.080810546875, -1.7944954633712769, -3.757798194885254, -3.757798194885254, 0)]
['125231.126', (-0.002327037276700139, -0.016289260238409042, -0.013962224125862122, -0.069580078125, 1.00146484375, 0.07763671875, -1.7908257246017456, -3.757798194885254, -3.757798194885254, 0)]
['125231.148', (0.0011635186383500695, -0.018616298213601112, -0.016289260238409042, -0.070068359375, 1.001220703125, 0.08203125, -1.7926605939865112, -3.757798194885254, -3.757798194885254, 0)]
['125231.254', (-0.0011635186383500695, -0.013962224125862122, -0.016289260238409042, -0.07177734375, 1.00146484375, 0.078857421875, -1.793578028678894, -3.757798194885254, -3.757798194885254, 0)]
['125231.272', (0.0, -0.015125742182135582, -0.013962224125862122, -0.0693359375, 1.0009765625, 0.077392578125, -1.793578028678894, -3.757798194885254, -3.757798194885254, 0)]
['125231.551', (0.0011635186383500695, -0.015125742182135582, -0.010471668094396591, -0.068603515625, 0.999755859375, 0.08203125, -1.78899085521698, -3.757798194885254, -3.757798194885254, 0)]
['125231.956', (0.004654074553400278, -0.011635186150670052, -0.013962224125862122, -0.067138671875, 1.001708984375, 0.079833984375, -1.7926605939865112, -3.757798194885254, -3.757798194885254, 0)]
['125232.024', (0.004654074553400278, -0.013962224125862122, -0.017452780157327652, -0.0712890625, 1.004150390625, 0.080810546875, -1.7926605939865112, -3.757798194885254, -3.757798194885254, 0)]
['125232.042', (0.004654074553400278, -0.013962224125862122, -0.010471668094396591, -0.068603515625, 1.003662109375, 0.08203125, -1.793578028678894, -3.757798194885254, -3.757798194885254, 0)]
['125232.055', (0.0034905560314655304, -0.016289260238409042, -0.011635186150670052, -0.0693359375, 1.005859375, 0.080810546875, -1.7917431592941284, -3.757798194885254, -3.757798194885254, 0)]
['125232.189', (0.0034905560314655304, -0.011635186150670052, -0.013962224125862122, -0.068115234375, 0.999267578125, 0.0810546875, -1.7963303327560425, -3.757798194885254, -3.757798194885254, 0)]
['125232.208', (0.0034905560314655304, -0.015125742182135582, -0.015125742182135582, -0.071533203125, 1.001708984375, 0.080078125, -1.7954128980636597, -3.757798194885254, -3.757798194885254, 0)]
['125232.269', (0.005817593075335026, -0.011635186150670052, -0.012798705138266087, -0.069580078125, 1.003662109375, 0.079345703125, -1.7963303327560425, -3.757798194885254, -3.757798194885254, 0)]
['125233.168', (0.004654074553400278, -0.013962224125862122, -0.010471668094396591, -0.0615234375, 0.997314453125, 0.07080078125, -1.8036696910858154, -3.757798194885254, -3.757798194885254, 0)]
['125233.373', (0.002327037276700139, -0.013962224125862122, -0.013962224125862122, -0.068359375, 1.005859375, 0.07763671875, -1.805504560470581, -3.757798194885254, -3.757798194885254, 0)]
['125233.705', (0.004654074553400278, -0.015125742182135582, -0.015125742182135582, -0.0673828125, 1.001953125, 0.079833984375, -1.805504560470581, -3.757798194885254, -3.757798194885254, 0)]
['125233.719', (0.0011635186383500695, -0.012798705138266087, -0.016289260238409042, -0.070556640625, 0.998779296875, 0.078857421875, -1.8064219951629639, -3.757798194885254, -3.757798194885254, 0)]
['125233.840', (0.0034905560314655304, -0.017452780157327652, -0.016289260238409042, -0.074462890625, 1.00048828125, 0.081298828125, -1.805504560470581, -3.757798194885254, -3.757798194885254, 0)]
['125233.863', (0.0011635186383500695, -0.015125742182135582, -0.010471668094396591, -0.072998046875, 0.999755859375, 0.080322265625, -1.8045871257781982, -3.757798194885254, -3.757798194885254, 0)]
['125233.956', (0.004654074553400278, -0.012798705138266087, -0.011635186150670052, -0.06640625, 1.002197265625, 0.077880859375, -1.805504560470581, -3.757798194885254, -3.757798194885254, 0)]
['125234.102', (0.0034905560314655304, -0.013962224125862122, -0.012798705138266087, -0.068359375, 0.999267578125, 0.079345703125, -1.8064219951629639, -3.757798194885254, -3.757798194885254, 0)]
['125234.143', (0.0011635186383500695, -0.013962224125862122, -0.015125742182135582, -0.0673828125, 1.00439453125, 0.081298828125, -1.805504560470581, -3.757798194885254, -3.757798194885254, 0)]
['125234.306', (0.0, -0.015125742182135582, -0.009308149106800556, -0.069580078125, 1.000244140625, 0.081787109375, -1.8064219951629639, -3.757798194885254, -3.757798194885254, 0)]
['125234.606', (0.0011635186383500695, -0.015125742182135582, -0.012798705138266087, -0.069091796875, 0.99951171875, 0.082763671875, -1.8018348217010498, -3.757798194885254, -3.757798194885254, 0)]
['125234.611', (0.0011635186383500695, -0.015125742182135582, -0.010471668094396591, -0.0693359375, 1.003173828125, 0.08203125, -1.8027522563934326, -3.757798194885254, -3.757798194885254, 0)]
['125234.828', (0.0011635186383500695, -0.012798705138266087, -0.012798705138266087, -0.0673828125, 1.003662109375, 0.081787109375, -1.8000000715255737, -3.757798194885254, -3.757798194885254, 0)]
['125234.907', (-0.002327037276700139, -0.013962224125862122, -0.010471668094396591, -0.06494140625, 1.000244140625, 0.078125, -1.800917387008667, -3.757798194885254, -3.757798194885254, 0)]
['125235.930', (0.0034905560314655304, -0.012798705138266087, -0.010471668094396591, -0.07080078125, 1.001708984375, 0.0810546875, -1.8045871257781982, -3.757798194885254, -3.757798194885254, 0)]
['125235.944', (0.0011635186383500695, -0.010471668094396591, -0.013962224125862122, -0.068359375, 1.00146484375, 0.0791015625, -1.8045871257781982, -3.757798194885254, -3.757798194885254, 0)]
['125236.011', (0.004654074553400278, -0.012798705138266087, -0.009308149106800556, -0.072509765625, 0.9990234375, 0.078125, -1.805504560470581, -3.757798194885254, -3.757798194885254, 0)]
['125236.021', (0.002327037276700139, -0.011635186150670052, -0.011635186150670052, -0.066162109375, 1.002197265625, 0.08154296875, -1.805504560470581, -3.757798194885254, -3.757798194885254, 0)]
['125236.338', (0.002327037276700139, -0.015125742182135582, -0.013962224125862122, -0.070068359375, 1.00048828125, 0.080322265625, -1.8064219951629639, -3.757798194885254, -3.757798194885254, 0)]
['125236.545', (0.004654074553400278, -0.013962224125862122, -0.013962224125862122, -0.072021484375, 1.00146484375, 0.078857421875, -1.8119266033172607, -3.757798194885254, -3.757798194885254, 0)]
['125237.174', (0.002327037276700139, -0.010471668094396591, -0.017452780157327652, -0.0703125, 1.0068359375, 0.083740234375, -1.8146789073944092, -3.757798194885254, -3.757798194885254, 0)]
['125237.261', (0.0, -0.013962224125862122, -0.011635186150670052, -0.069091796875, 1.001220703125, 0.083740234375, -1.8146789073944092, -3.757798194885254, -3.757798194885254, 0)]
['125237.369', (0.004654074553400278, -0.012798705138266087, -0.012798705138266087, -0.070556640625, 1.001708984375, 0.080810546875, -1.815596342086792, -3.757798194885254, -3.757798194885254, 0)]
['125237.573', (-0.0011635186383500695, -0.009308149106800556, -0.013962224125862122, -0.071533203125, 1.00390625, 0.08056640625, -1.8137614727020264, -3.757798194885254, -3.757798194885254, 0)]
['125238.092', (0.0, -0.017452780157327652, -0.009308149106800556, -0.069091796875, 1.0, 0.080078125, -1.8128440380096436, -3.757798194885254, -3.757798194885254, 0)]
['125238.200', (0.0, -0.015125742182135582, -0.011635186150670052, -0.070068359375, 1.0, 0.0791015625, -1.8091742992401123, -3.757798194885254, -3.757798194885254, 0)]
['125238.993', (0.004654074553400278, -0.010471668094396591, -0.010471668094396591, -0.0712890625, 1.0009765625, 0.08203125, -1.811009168624878, -3.757798194885254, -3.757798194885254, 0)]
['125239.272', (0.0034905560314655304, -0.012798705138266087, -0.010471668094396591, -0.071533203125, 0.99951171875, 0.07958984375, -1.8137614727020264, -3.757798194885254, -3.757798194885254, 0)]
['125239.307', (0.0034905560314655304, -0.010471668094396591, -0.011635186150670052, -0.068359375, 1.001220703125, 0.08056640625, -1.8128440380096436, -3.757798194885254, -3.757798194885254, 0)]
['125239.424', (0.004654074553400278, -0.010471668094396591, -0.013962224125862122, -0.06884765625, 1.0009765625, 0.08056640625, -1.8137614727020264, -3.757798194885254, -3.757798194885254, 0)]
['125239.525', (0.0011635186383500695, -0.013962224125862122, -0.011635186150670052, -0.069091796875, 1.001708984375, 0.08349609375, -1.8137614727020264, -3.757798194885254, -3.757798194885254, 0)]
['125239.759', (0.0034905560314655304, -0.009308149106800556, -0.011635186150670052, -0.0703125, 0.9990234375, 0.080078125, -1.8211009502410889, -3.757798194885254, -3.757798194885254, 0)]
['125240.126', (0.0, -0.015125742182135582, -0.011635186150670052, -0.0693359375, 1.00634765625, 0.078369140625, -1.8238532543182373, -3.757798194885254, -3.757798194885254, 0)]
['125240.148', (0.002327037276700139, -0.011635186150670052, -0.013962224125862122, -0.069580078125, 1.001708984375, 0.07861328125, -1.8220183849334717, -3.757798194885254, -3.757798194885254, 0)]
['125240.813', (0.0, -0.015125742182135582, -0.012798705138266087, -0.068359375, 1.00390625, 0.079833984375, -1.8192660808563232, -3.757798194885254, -3.757798194885254, 0)]
['125240.858', (-0.0011635186383500695, -0.011635186150670052, -0.010471668094396591, -0.072265625, 1.001708984375, 0.08203125, -1.8192660808563232, -3.757798194885254, -3.757798194885254, 0)]
['125241.070', (0.002327037276700139, -0.016289260238409042, -0.011635186150670052, -0.069091796875, 1.0068359375, 0.079833984375, -1.8192660808563232, -3.757798194885254, -3.757798194885254, 0)]
['125241.278', (-0.0011635186383500695, -0.013962224125862122, -0.011635186150670052, -0.0654296875, 1.00341796875, 0.0791015625, -1.8211009502410889, -3.757798194885254, -3.757798194885254, 0)]
['125241.486', (0.0, -0.015125742182135582, -0.013962224125862122, -0.074951171875, 1.00048828125, 0.0810546875, -1.8146789073944092, -3.757798194885254, -3.757798194885254, 0)]
['125242.381', (0.37348946928977966, 0.029087966307997704, 0.22688613831996918, 0.1572265625, 1.0751953125, -0.00732421875, -1.715596318244934, -3.757798194885254, -3.757798194885254, 0)]
['125242.595', (1.488140344619751, -0.3455650210380554, -0.28389856219291687, 0.228271484375, 0.964111328125, -0.160400390625, -0.5440366864204407, -3.757798194885254, -3.757798194885254, 0)]
['125245.082', (1.1588646173477173, -0.3001877963542938, -0.2606281638145447, 0.0751953125, 1.03369140625, -0.154296875, -0.7311926484107971, -3.757798194885254, -3.757798194885254, 0)]
['125245.507', (-0.3909422755241394, 0.05933944880962372, -0.048867784440517426, -0.119140625, 0.65576171875, -0.720947265625, -0.4660550355911255, -1.4302752017974854, -3.757798194885254, 0)]
['125245.512', (-0.4456276297569275, 0.08493685722351074, -0.05468537658452988, -0.118896484375, 0.67333984375, -0.736572265625, -0.4660550355911255, -1.436697244644165, -3.757798194885254, 0)]
['125245.729', (-1.6021652221679688, 0.5224198698997498, 0.6189919114112854, 0.098388671875, 1.0146484375, -0.23828125, -0.4486238658428192, -3.757798194885254, -3.757798194885254, 0)]
['125245.743', (-1.5823853015899658, 0.4910048544406891, 0.6701867580413818, 0.11181640625, 0.98388671875, -0.17333984375, -0.48990824818611145, -3.757798194885254, -3.757798194885254, 0)]
['125246.071', (0.029087966307997704, 0.016289260238409042, -0.11169779300689697, -0.005859375, 1.00830078125, 0.0322265625, -1.3137614727020264, -3.757798194885254, -3.757798194885254, 0)]
['125246.125', (0.21176038682460785, 0.0, 0.5026400685310364, -0.02783203125, 1.034423828125, 0.05224609375, -1.3073394298553467, -3.757798194885254, -3.757798194885254, 0)]
['125246.387', (1.3171031475067139, -0.3106594681739807, -0.22572261095046997, 0.13671875, 0.98095703125, -0.176025390625, -0.826605498790741, -3.757798194885254, -3.757798194885254, 0)]
['125246.654', (0.7062557935714722, -0.4223572611808777, -0.276917427778244, -0.024169921875, 0.7470703125, -0.604248046875, -0.3889908194541931, -1.3504587411880493, -3.757798194885254, 0)]
['125246.974', (-1.1949336528778076, 0.49798598885536194, 0.4142126441001892, 0.08935546875, 0.898193359375, -0.38427734375, -0.6036697030067444, -3.757798194885254, -3.757798194885254, 0)]
['125247.116', (-1.2182040214538574, 0.34091097116470337, 0.23619428277015686, 0.19140625, 0.936767578125, -0.1943359375, -0.9275229573249817, -3.757798194885254, -3.757798194885254, 0)]
['125247.317', (-0.25713762640953064, 0.14543983340263367, -0.276917427778244, 0.19580078125, 1.06396484375, -0.0615234375, -1.3082568645477295, -3.757798194885254, -3.757798194885254, 0)]
['125247.452', (-0.044213708490133286, 0.06632056087255478, 0.16987371444702148, 0.04150390625, 1.07177734375, -0.015625, -1.4091743230819702, -3.757798194885254, -3.757798194885254, 0)]
['125247.861', (1.173990249633789, -0.27342689037323, -0.4211937487125397, 0.01904296875, 0.948486328125, -0.37158203125, -0.5009174346923828, -3.757798194885254, -3.757798194885254, 0)]
['125248.125', (0.3222946524620056, -0.27924448251724243, -0.040723152458667755, -0.053955078125, 0.691650390625, -0.685546875, -0.4091743230819702, -0.9284403920173645, -3.757798194885254, 0)]
['125248.259', (-0.8575132489204407, 0.29437020421028137, 0.15591149032115936, -0.0390625, 0.70458984375, -0.64501953125, -0.4266055226325989, -1.0963302850723267, -3.757798194885254, 0)]
['125248.264', (-0.8854376673698425, 0.30484187602996826, 0.14543983340263367, -0.0380859375, 0.70751953125, -0.6357421875, -0.42477065324783325, -1.104587197303772, -3.757798194885254, 0)]
['125249.061', (0.5375456213951111, -0.33742040395736694, 0.11984241753816605, 0.2119140625, 1.03857421875, -0.078857421875, -1.058715581893921, -3.757798194885254, -3.757798194885254, 0)]
['125249.124', (0.7039287686347961, -0.39326930046081543, 0.07097464054822922, 0.189208984375, 0.99853515625, -0.09912109375, -0.9440367221832275, -3.757798194885254, -3.757798194885254, 0)]
['125249.440', (0.9948084354400635, -0.2978607714176178, -0.09540852904319763, 0.032958984375, 0.76220703125, -0.4921875, -0.35137614607810974, -1.3266055583953857, -3.757798194885254, 0)]
['125249.457', (0.9075445532798767, -0.31531354784965515, -0.05352185666561127, 0.0791015625, 0.76611328125, -0.494140625, -0.34495413303375244, -1.2715595960617065, -3.757798194885254, 0)]
['125249.462', (0.9075445532798767, -0.3094959557056427, -0.06748408079147339, 0.08251953125, 0.75927734375, -0.501708984375, -0.3431192636489868, -1.2587156295776367, -3.757798194885254, 0)]
['125249.471', (0.8738024830818176, -0.29437020421028137, -0.10471668094396591, 0.0712890625, 0.75634765625, -0.526611328125, -0.3339449465274811, -1.2266055345535278, -3.757798194885254, 0)]
['125249.581', (-0.08144630491733551, -0.1849994659423828, -0.11053427308797836, 0.03173828125, 0.69189453125, -0.692138671875, -0.33853211998939514, -1.1229357719421387, -3.757798194885254, 0)]
['125249.604', (-0.31415003538131714, -0.09075445681810379, -0.06632056087255478, 0.00537109375, 0.699462890625, -0.6630859375, -0.35137614607810974, -1.167889952659607, -3.757798194885254, 0)]
['125249.756', (-1.1949336528778076, 0.5084576606750488, 0.4805332124233246, -0.001708984375, 0.8837890625, -0.3779296875, -0.37064221501350403, -1.5018348693847656, -3.757798194885254, 0)]
['125250.085', (-0.39792338013648987, -0.024433892220258713, -0.43050190806388855, 0.196533203125, 0.9833984375, -0.05419921875, -1.1192660331726074, -3.757798194885254, -3.757798194885254, 0)]
['125250.362', (-0.3071689307689667, -0.11635186523199081, -0.34789207577705383, 0.064453125, 0.972412109375, 0.05615234375, -1.7229357957839966, -3.757798194885254, -3.757798194885254, 0)]
['125250.488', (-0.12216945737600327, -0.11635186523199081, -0.05468537658452988, -0.044921875, 0.9580078125, 0.04296875, -3.757798194885254, -3.757798194885254, -3.757798194885254, 0)]
['125250.692', (-0.06515704095363617, -0.1500938981771469, -0.3350933790206909, -0.0439453125, 0.995361328125, 0.11181640625, -3.757798194885254, -3.757798194885254, -3.757798194885254, 0)]
['125250.769', (-0.002327037276700139, -0.07446519285440445, -0.22572261095046997, -0.09619140625, 1.00341796875, 0.10595703125, -3.757798194885254, -3.757798194885254, -3.757798194885254, 0)]
['125250.774', (-0.0034905560314655304, -0.06981112062931061, -0.2164144665002823, -0.099853515625, 1.0, 0.1064453125, -3.757798194885254, -3.757798194885254, -3.757798194885254, 0)]
['125250.913', (0.018616298213601112, 0.0, -0.010471668094396591, -0.052978515625, 0.994384765625, 0.10498046875, -3.757798194885254, -3.757798194885254, -3.757798194885254, 0)]
['125250.954', (0.013962224125862122, -0.037232596427202225, -0.033742040395736694, -0.045166015625, 0.998046875, 0.0986328125, -3.757798194885254, -3.757798194885254, -3.757798194885254, 0)]
['125250.982', (-0.005817593075335026, -0.0570124126970768, -0.044213708490133286, -0.03759765625, 1.0048828125, 0.093017578125, -3.757798194885254, -3.757798194885254, -3.757798194885254, 0)]
['125251.107', (-0.022106854245066643, -0.0919179692864418, -0.046540744602680206, -0.100341796875, 0.9990234375, 0.10595703125, -3.757798194885254, -3.757798194885254, -3.757798194885254, 0)]
['125251.215', (-0.006981112062931061, -0.006981112062931061, -0.019779816269874573, -0.093994140625, 0.9951171875, 0.10498046875, -3.757798194885254, -3.757798194885254, -3.757798194885254, 0)]
['125253.156', (0.0011635186383500695, -0.011635186150670052, -0.051194820553064346, -0.0751953125, 1.001220703125, 0.116455078125, -3.757798194885254, -3.757798194885254, -3.757798194885254, 0)]
['125253.965', (-0.002327037276700139, -0.004654074553400278, -0.029087966307997704, -0.0576171875, 1.002685546875, 0.102294921875, -3.757798194885254, -3.757798194885254, -3.757798194885254, 0)]
['125254.944', (-0.002327037276700139, -0.015125742182135582, -0.018616298213601112, -0.070556640625, 0.995849609375, 0.1025390625, -3.757798194885254, -3.757798194885254, -3.757798194885254, 0)]
['125254.980', (-0.002327037276700139, -0.020943336188793182, -0.008144630119204521, -0.069091796875, 1.00244140625, 0.1015625, -3.757798194885254, -3.757798194885254, -3.757798194885254, 0)]
['125255.003', (0.0, -0.020943336188793182, -0.013962224125862122, -0.071533203125, 0.999755859375, 0.102294921875, -3.757798194885254, -3.757798194885254, -3.757798194885254, 0)]
['125255.481', (0.005817593075335026, -0.013962224125862122, -0.012798705138266087, -0.076416015625, 0.997802734375, 0.10498046875, -3.757798194885254, -3.757798194885254, -3.757798194885254, 0)]
['125256.228', (0.005817593075335026, -0.015125742182135582, -0.015125742182135582, -0.071044921875, 0.998779296875, 0.101806640625, -3.757798194885254, -3.757798194885254, -3.757798194885254, 0)]
['125256.322', (0.0034905560314655304, -0.012798705138266087, -0.011635186150670052, -0.076416015625, 0.9970703125, 0.1015625, -3.757798194885254, -3.757798194885254, -3.757798194885254, 0)]
['125256.336', (0.0011635186383500695, -0.012798705138266087, -0.011635186150670052, -0.073486328125, 0.9990234375, 0.09912109375, -3.757798194885254, -3.757798194885254, -3.757798194885254, 0)]
['125256.386', (0.0, -0.011635186150670052, -0.013962224125862122, -0.07568359375, 1.001220703125, 0.102294921875, -3.757798194885254, -3.757798194885254, -3.757798194885254, 0)]
['125256.427', (0.004654074553400278, -0.011635186150670052, -0.012798705138266087, -0.073486328125, 1.00146484375, 0.10400390625, -3.757798194885254, -3.757798194885254, -3.757798194885254, 0)]
['125256.742', (0.0034905560314655304, -0.012798705138266087, -0.011635186150670052, -0.072021484375, 0.999755859375, 0.10302734375, -3.757798194885254, -3.757798194885254, -3.757798194885254, 0)]
['125256.756', (0.005817593075335026, -0.016289260238409042, -0.010471668094396591, -0.06787109375, 1.000732421875, 0.10107421875, -3.757798194885254, -3.757798194885254, -3.757798194885254, 0)]
['125256.850', (0.0034905560314655304, -0.012798705138266087, -0.012798705138266087, -0.076416015625, 0.998779296875, 0.101318359375, -3.757798194885254, -3.757798194885254, -3.757798194885254, 0)]
['125256.855', (0.002327037276700139, -0.016289260238409042, -0.010471668094396591, -0.074951171875, 1.000732421875, 0.1005859375, -3.757798194885254, -3.757798194885254, -3.757798194885254, 0)]
['125256.941', (0.004654074553400278, -0.011635186150670052, -0.012798705138266087, -0.072998046875, 1.001708984375, 0.099609375, -3.757798194885254, -3.757798194885254, -3.757798194885254, 0)]
['125257.236', (0.0034905560314655304, -0.011635186150670052, -0.017452780157327652, -0.071044921875, 1.002197265625, 0.102783203125, -3.757798194885254, -3.757798194885254, -3.757798194885254, 0)]
['125257.352', (0.0, -0.009308149106800556, -0.013962224125862122, -0.070068359375, 0.9990234375, 0.1025390625, -3.757798194885254, -3.757798194885254, -3.757798194885254, 0)]
['125258.137', (0.004654074553400278, -0.015125742182135582, -0.010471668094396591, -0.074951171875, 0.998291015625, 0.101318359375, -3.757798194885254, -3.757798194885254, -3.757798194885254, 0)]
['125258.251', (0.0, -0.015125742182135582, -0.012798705138266087, -0.072509765625, 1.0, 0.10400390625, -3.757798194885254, -3.757798194885254, -3.757798194885254, 0)]
['125258.287', (0.0, -0.013962224125862122, -0.016289260238409042, -0.07373046875, 0.998291015625, 0.1044921875, -3.757798194885254, -3.757798194885254, -3.757798194885254, 0)]
['125259.073', (0.004654074553400278, -0.016289260238409042, -0.011635186150670052, -0.07470703125, 0.99951171875, 0.10400390625, -3.757798194885254, -3.757798194885254, -3.757798194885254, 0)]
['125259.186', (0.005817593075335026, -0.015125742182135582, -0.012798705138266087, -0.073486328125, 1.001220703125, 0.102783203125, -3.757798194885254, -3.757798194885254, -3.757798194885254, 0)]
['125259.486', (0.0011635186383500695, -0.013962224125862122, -0.008144630119204521, -0.075439453125, 0.996337890625, 0.10302734375, -3.757798194885254, -3.757798194885254, -3.757798194885254, 0)]
['125259.886', (0.0011635186383500695, -0.011635186150670052, -0.011635186150670052, -0.073486328125, 0.998291015625, 0.100830078125, -3.757798194885254, -3.757798194885254, -3.757798194885254, 0)]
['125300.635', (0.002327037276700139, -0.012798705138266087, -0.012798705138266087, -0.072998046875, 0.997802734375, 0.102783203125, -3.757798194885254, -3.757798194885254, -3.757798194885254, 0)]
['125300.698', (0.004654074553400278, -0.016289260238409042, -0.012798705138266087, -0.074462890625, 1.000244140625, 0.10302734375, -3.757798194885254, -3.757798194885254, -3.757798194885254, 0)]
['125301.347', (0.0, -0.017452780157327652, -0.011635186150670052, -0.070068359375, 1.0, 0.103515625, -3.757798194885254, -3.757798194885254, -3.757798194885254, 0)]
['125301.963', (-0.0011635186383500695, -0.011635186150670052, -0.015125742182135582, -0.073486328125, 1.001953125, 0.10400390625, -3.757798194885254, -3.757798194885254, -3.757798194885254, 0)]
['125302.142', (0.0, -0.012798705138266087, -0.013962224125862122, -0.07177734375, 0.9990234375, 0.1044921875, -3.757798194885254, -3.757798194885254, -3.757798194885254, 0)]
['125302.230', (-0.002327037276700139, -0.013962224125862122, -0.013962224125862122, -0.07275390625, 0.99951171875, 0.10595703125, -3.757798194885254, -3.757798194885254, -3.757798194885254, 0)]
['125302.536', (0.008144630119204521, -0.015125742182135582, -0.013962224125862122, -0.0751953125, 0.999755859375, 0.1015625, -3.757798194885254, -3.757798194885254, -3.757798194885254, 0)]
['125302.741', (0.0, -0.012798705138266087, -0.012798705138266087, -0.072509765625, 0.999755859375, 0.1025390625, -3.757798194885254, -3.757798194885254, -3.757798194885254, 0)]
['125302.849', (0.005817593075335026, -0.015125742182135582, -0.008144630119204521, -0.075927734375, 0.99951171875, 0.10498046875, -3.757798194885254, -3.757798194885254, -3.757798194885254, 0)]
['125302.877', (0.002327037276700139, -0.011635186150670052, -0.010471668094396591, -0.0751953125, 1.0029296875, 0.100341796875, -3.757798194885254, -3.757798194885254, -3.757798194885254, 0)]
['125303.073', (0.004654074553400278, -0.013962224125862122, -0.011635186150670052, -0.07421875, 0.999755859375, 0.10205078125, -3.757798194885254, -3.757798194885254, -3.757798194885254, 0)]
['125303.087', (0.0034905560314655304, -0.012798705138266087, -0.012798705138266087, -0.0751953125, 0.998291015625, 0.101318359375, -3.757798194885254, -3.757798194885254, -3.757798194885254, 0)]
['125304.101', (0.0, -0.012798705138266087, -0.011635186150670052, -0.07568359375, 0.998291015625, 0.103271484375, -3.757798194885254, -3.757798194885254, -3.757798194885254, 0)]
['125304.818', (-0.0011635186383500695, -0.012798705138266087, -0.010471668094396591, -0.07470703125, 1.001220703125, 0.10009765625, -3.757798194885254, -3.757798194885254, -3.757798194885254, 0)]
['125305.855', (0.002327037276700139, -0.012798705138266087, -0.008144630119204521, -0.07568359375, 1.001220703125, 0.1044921875, -3.757798194885254, -3.757798194885254, -3.757798194885254, 0)]
['125306.337', (0.004654074553400278, -0.013962224125862122, -0.015125742182135582, -0.0732421875, 1.0009765625, 0.10302734375, -3.757798194885254, -3.757798194885254, -3.757798194885254, 0)]
['125306.584', (0.004654074553400278, -0.012798705138266087, -0.013962224125862122, -0.074462890625, 0.99560546875, 0.10400390625, -3.757798194885254, -3.757798194885254, -3.757798194885254, 0)]
['125306.611', (0.004654074553400278, -0.013962224125862122, -0.012798705138266087, -0.07275390625, 1.0, 0.1025390625, -3.757798194885254, -3.757798194885254, -3.757798194885254, 0)]
['125306.621', (0.004654074553400278, -0.011635186150670052, -0.015125742182135582, -0.0732421875, 1.00146484375, 0.104248046875, -3.757798194885254, -3.757798194885254, -3.757798194885254, 0)]
['125307.180', (0.002327037276700139, -0.013962224125862122, -0.008144630119204521, -0.0751953125, 0.998779296875, 0.1015625, -3.757798194885254, -3.757798194885254, -3.757798194885254, 0)]
['125307.217', (0.0034905560314655304, -0.015125742182135582, -0.012798705138266087, -0.072509765625, 1.00048828125, 0.10302734375, -3.757798194885254, -3.757798194885254, -3.757798194885254, 0)]
['125307.244', (0.0034905560314655304, -0.013962224125862122, -0.012798705138266087, -0.07421875, 1.000244140625, 0.103515625, -3.757798194885254, -3.757798194885254, -3.757798194885254, 0)]
['125307.321', (0.006981112062931061, -0.015125742182135582, -0.013962224125862122, -0.07958984375, 0.9990234375, 0.1015625, -3.757798194885254, -3.757798194885254, -3.757798194885254, 0)]
['125307.362', (0.0034905560314655304, -0.013962224125862122, -0.012798705138266087, -0.074951171875, 0.999267578125, 0.1025390625, -3.757798194885254, -3.757798194885254, -3.757798194885254, 0)]
['125308.337', (0.0011635186383500695, -0.015125742182135582, -0.011635186150670052, -0.074462890625, 0.99658203125, 0.1064453125, -3.757798194885254, -3.757798194885254, -3.757798194885254, 0)]
['125308.605', (0.0, -0.016289260238409042, -0.011635186150670052, -0.075439453125, 1.003173828125, 0.10693359375, -3.757798194885254, -3.757798194885254, -3.757798194885254, 0)]
['125308.615', (0.0011635186383500695, -0.013962224125862122, -0.012798705138266087, -0.075439453125, 1.0009765625, 0.103515625, -3.757798194885254, -3.757798194885254, -3.757798194885254, 0)]
['125308.706', (0.0, -0.016289260238409042, -0.012798705138266087, -0.0771484375, 1.001708984375, 0.10595703125, -3.757798194885254, -3.757798194885254, -3.757798194885254, 0)]
['125308.715', (0.0, -0.012798705138266087, -0.011635186150670052, -0.074462890625, 0.9990234375, 0.1015625, -3.757798194885254, -3.757798194885254, -3.757798194885254, 0)]
['125308.743', (-0.0011635186383500695, -0.012798705138266087, -0.012798705138266087, -0.073486328125, 0.998779296875, 0.101318359375, -3.757798194885254, -3.757798194885254, -3.757798194885254, 0)]
['125310.801', (0.0011635186383500695, -0.015125742182135582, -0.012798705138266087, -0.071533203125, 1.00146484375, 0.10205078125, -3.757798194885254, -3.757798194885254, -3.757798194885254, 0)]
['125310.841', (0.0, -0.013962224125862122, -0.013962224125862122, -0.074951171875, 1.0, 0.1044921875, -3.757798194885254, -3.757798194885254, -3.757798194885254, 0)]
['125311.223', (-0.0011635186383500695, -0.013962224125862122, -0.012798705138266087, -0.074951171875, 1.000244140625, 0.10302734375, -3.757798194885254, -3.757798194885254, -3.757798194885254, 0)]
['125311.543', (0.002327037276700139, -0.015125742182135582, -0.017452780157327652, -0.072998046875, 0.997314453125, 0.101806640625, -3.757798194885254, -3.757798194885254, -3.757798194885254, 0)]
['125312.814', (0.6666961908340454, -0.20012520253658295, 0.39443281292915344, 0.148193359375, 1.033447265625, -0.0048828125, -1.8284404277801514, -3.757798194885254, -3.757798194885254, 0)]
['125313.984', (-0.19896169006824493, 0.002327037276700139, 0.008144630119204521, 0.087890625, 1.05126953125, 0.0185546875, -1.5752294063568115, -3.757798194885254, -3.757798194885254, 0)]
['125314.005', (-0.10704371333122253, 0.008144630119204521, -0.036069076508283615, 0.07666015625, 1.053955078125, -0.00537109375, -1.5981651544570923, -3.757798194885254, -3.757798194885254, 0)]
['125314.010', (-0.09540852904319763, 0.006981112062931061, -0.030251484364271164, 0.07080078125, 1.033935546875, -0.00537109375, -1.5981651544570923, -3.757798194885254, -3.757798194885254, 0)]
['125314.024', (-0.07097464054822922, 0.006981112062931061, -0.032578520476818085, 0.06005859375, 1.0263671875, 0.003662109375, -1.6082569360733032, -3.757798194885254, -3.757798194885254, 0)]
['125314.331', (1.347354531288147, -0.26993632316589355, -0.17801834642887115, 0.13037109375, 0.92041015625, -0.276611328125, -0.7642201781272888, -3.757798194885254, -3.757798194885254, 0)]
['125315.025', (-1.1867890357971191, 0.20012520253658295, 0.055848896503448486, 0.11083984375, 1.025146484375, -0.1357421875, -0.4486238658428192, -3.757798194885254, -3.757798194885254, 0)]
['125316.454', (-0.7144004702568054, 0.23503077030181885, -0.37232595682144165, 0.073974609375, 1.13134765625, -0.068359375, -0.6091743111610413, -3.757798194885254, -3.757798194885254, 0)]
['125317.118', (1.2531095743179321, -0.37116244435310364, -0.2292131781578064, 0.055908203125, 0.984375, -0.2255859375, -0.8981651663780212, -3.757798194885254, -3.757798194885254, 0)]
['125317.160', (1.2426378726959229, -0.3350933790206909, -0.23735779523849487, 0.0849609375, 0.9150390625, -0.2900390625, -0.8027523159980774, -3.757798194885254, -3.757798194885254, 0)]
['125317.364', (0.2164144665002823, -0.1733642816543579, -0.08726389706134796, 0.00537109375, 0.68505859375, -0.697265625, -0.15963302552700043, -1.0963302850723267, -3.757798194885254, 0)]
['125317.373', (0.1035531610250473, -0.19896169006824493, -0.08726389706134796, 0.003173828125, 0.659912109375, -0.6689453125, -0.14678898453712463, -1.073394536972046, -3.757798194885254, 0)]
['125317.446', (-0.47355207800865173, 0.1151883453130722, 0.07795574516057968, -0.02587890625, 0.74951171875, -0.619873046875, -0.14311926066875458, -1.111926555633545, -3.757798194885254, 0)]
['125317.474', (-0.6748408079147339, 0.18732650578022003, 0.11286130547523499, -0.015625, 0.794189453125, -0.5751953125, -0.13669724762439728, -1.1495412588119507, -3.757798194885254, 0)]
['125317.552', (-0.9808462262153625, 0.32927578687667847, 0.2536470592021942, 0.006591796875, 0.85888671875, -0.46630859375, -0.1376146823167801, -1.3431192636489868, -3.757798194885254, 0)]
['125317.615', (-1.1309400796890259, 0.37348946928977966, 0.27342689037323, 0.017333984375, 0.966064453125, -0.3388671875, -0.2045871615409851, -1.6715596914291382, -3.757798194885254, 0)]
['125317.634', (-1.1914430856704712, 0.387451708316803, 0.1849994659423828, 0.04931640625, 0.919921875, -0.31298828125, -0.23577982187271118, -1.7678899765014648, -3.757798194885254, 0)]
['125317.647', (-1.1681727170944214, 0.389778733253479, 0.29320669174194336, 0.074951171875, 0.91748046875, -0.27099609375, -0.2577981650829315, -3.757798194885254, -3.757798194885254, 0)]
['125317.981', (-0.4130491018295288, -0.0570124126970768, -0.18150891363620758, 0.0732421875, 1.10791015625, 0.112060546875, -3.757798194885254, -3.757798194885254, -3.757798194885254, 0)]
['125318.357', (0.437483012676239, -0.08842741698026657, 0.39792338013648987, 0.12451171875, 1.04052734375, -0.0458984375, -1.4862385988235474, -3.757798194885254, -3.757798194885254, 0)]
['125318.361', (0.4479546844959259, -0.10006260126829147, 0.3793070614337921, 0.122802734375, 1.0361328125, -0.040771484375, -1.473394513130188, -3.757798194885254, -3.757798194885254, 0)]
['125319.158', (-1.1006885766983032, 0.26877281069755554, 0.3327663242816925, 0.1630859375, 0.9609375, -0.2705078125, -0.6174312233924866, -3.757798194885254, -3.757798194885254, 0)]
['125319.578', (-0.36301782727241516, 0.043050188571214676, -0.1954711377620697, 0.0498046875, 1.003662109375, -0.0771484375, -1.7018349170684814, -3.757798194885254, -3.757798194885254, 0)]
['125319.680', (-0.35254615545272827, 0.08144630491733551, -0.17801834642887115, 0.028076171875, 0.990234375, -0.0107421875, -3.757798194885254, -3.757798194885254, -3.757798194885254, 0)]
['125319.847', (-0.19081705808639526, -0.23852132260799408, -0.4491181969642639, -0.03466796875, 0.98876953125, 0.0791015625, -3.757798194885254, -3.757798194885254, -3.757798194885254, 0)]
['125321.264', (0.006981112062931061, 0.010471668094396591, 0.08260982483625412, -0.001708984375, 1.013671875, 0.076416015625, -3.757798194885254, -3.757798194885254, -3.757798194885254, 0)]
['125321.575', (-0.038396116346120834, -0.025597410276532173, -0.12216945737600327, -0.01220703125, 1.0078125, 0.08837890625, -3.757798194885254, -3.757798194885254, -3.757798194885254, 0)]
['125323.177', (0.004654074553400278, -0.011635186150670052, -0.013962224125862122, -0.0751953125, 0.9970703125, 0.107421875, -3.757798194885254, -3.757798194885254, -3.757798194885254, 0)]
['125323.236', (0.0034905560314655304, -0.011635186150670052, -0.016289260238409042, -0.072021484375, 0.999267578125, 0.109375, -3.757798194885254, -3.757798194885254, -3.757798194885254, 0)]
['125323.768', (0.005817593075335026, -0.012798705138266087, -0.016289260238409042, -0.074951171875, 0.99609375, 0.10595703125, -3.757798194885254, -3.757798194885254, -3.757798194885254, 0)]
['125323.794', (0.004654074553400278, -0.013962224125862122, -0.019779816269874573, -0.0712890625, 1.0, 0.1025390625, -3.757798194885254, -3.757798194885254, -3.757798194885254, 0)]
['125323.816', (0.004654074553400278, -0.011635186150670052, -0.011635186150670052, -0.07568359375, 0.998291015625, 0.10595703125, -3.757798194885254, -3.757798194885254, -3.757798194885254, 0)]
['125324.497', (0.009308149106800556, -0.010471668094396591, -0.015125742182135582, -0.0751953125, 1.0009765625, 0.107421875, -3.757798194885254, -3.757798194885254, -3.757798194885254, 0)]
['125324.506', (0.006981112062931061, -0.013962224125862122, -0.013962224125862122, -0.075927734375, 1.002197265625, 0.101806640625, -3.757798194885254, -3.757798194885254, -3.757798194885254, 0)]
['125324.602', (-0.0011635186383500695, -0.013962224125862122, -0.010471668094396591, -0.0703125, 0.996826171875, 0.10400390625, -3.757798194885254, -3.757798194885254, -3.757798194885254, 0)]
['125324.708', (0.002327037276700139, -0.015125742182135582, -0.013962224125862122, -0.070556640625, 1.0029296875, 0.1025390625, -3.757798194885254, -3.757798194885254, -3.757798194885254, 0)]
['125324.798', (0.002327037276700139, -0.015125742182135582, -0.013962224125862122, -0.072998046875, 1.001220703125, 0.1064453125, -3.757798194885254, -3.757798194885254, -3.757798194885254, 0)]
['125324.811', (0.004654074553400278, -0.012798705138266087, -0.013962224125862122, -0.0751953125, 0.996826171875, 0.10693359375, -3.757798194885254, -3.757798194885254, -3.757798194885254, 0)]
['125324.861', (0.002327037276700139, -0.012798705138266087, -0.011635186150670052, -0.07470703125, 0.9951171875, 0.1025390625, -3.757798194885254, -3.757798194885254, -3.757798194885254, 0)]
['125325.700', (0.0, -0.013962224125862122, -0.013962224125862122, -0.0732421875, 0.994140625, 0.1044921875, -3.757798194885254, -3.757798194885254, -3.757798194885254, 0)]
['125326.378', (-0.002327037276700139, -0.013962224125862122, -0.012798705138266087, -0.072998046875, 1.0, 0.10498046875, -3.757798194885254, -3.757798194885254, -3.757798194885254, 0)]
['125326.481', (0.0, -0.013962224125862122, -0.009308149106800556, -0.070556640625, 0.998779296875, 0.107421875, -3.757798194885254, -3.757798194885254, -3.757798194885254, 0)]
['125326.523', (0.002327037276700139, -0.017452780157327652, -0.015125742182135582, -0.072265625, 0.996337890625, 0.107421875, -3.757798194885254, -3.757798194885254, -3.757798194885254, 0)]
['125326.953', (0.002327037276700139, -0.013962224125862122, -0.009308149106800556, -0.071044921875, 1.000732421875, 0.10546875, -3.757798194885254, -3.757798194885254, -3.757798194885254, 0)]
['125327.125', (0.0034905560314655304, -0.012798705138266087, -0.015125742182135582, -0.072265625, 1.00244140625, 0.1025390625, -3.757798194885254, -3.757798194885254, -3.757798194885254, 0)]
['125327.161', (0.005817593075335026, -0.011635186150670052, -0.012798705138266087, -0.074462890625, 0.998291015625, 0.10693359375, -3.757798194885254, -3.757798194885254, -3.757798194885254, 0)]
['125327.224', (0.008144630119204521, -0.012798705138266087, -0.013962224125862122, -0.07080078125, 1.003173828125, 0.10888671875, -3.757798194885254, -3.757798194885254, -3.757798194885254, 0)]
['125327.261', (0.006981112062931061, -0.010471668094396591, -0.012798705138266087, -0.0693359375, 1.0, 0.10546875, -3.757798194885254, -3.757798194885254, -3.757798194885254, 0)]
['125327.291', (0.0011635186383500695, -0.012798705138266087, -0.009308149106800556, -0.07275390625, 0.997802734375, 0.10205078125, -3.757798194885254, -3.757798194885254, -3.757798194885254, 0)]
['125327.358', (0.0034905560314655304, -0.010471668094396591, -0.013962224125862122, -0.0732421875, 0.996337890625, 0.1064453125, -3.757798194885254, -3.757798194885254, -3.757798194885254, 0)]
['125327.363', (0.004654074553400278, -0.012798705138266087, -0.010471668094396591, -0.074462890625, 1.000244140625, 0.1025390625, -3.757798194885254, -3.757798194885254, -3.757798194885254, 0)]
['125327.372', (0.0034905560314655304, -0.013962224125862122, -0.010471668094396591, -0.07470703125, 1.001220703125, 0.10302734375, -3.757798194885254, -3.757798194885254, -3.757798194885254, 0)]
['125327.477', (0.0034905560314655304, -0.012798705138266087, -0.016289260238409042, -0.068115234375, 0.998779296875, 0.10498046875, -3.757798194885254, -3.757798194885254, -3.757798194885254, 0)]
['125327.517', (0.004654074553400278, -0.013962224125862122, -0.010471668094396591, -0.072021484375, 0.998046875, 0.10302734375, -3.757798194885254, -3.757798194885254, -3.757798194885254, 0)]
['125327.562', (0.0034905560314655304, -0.015125742182135582, -0.010471668094396591, -0.072265625, 0.999267578125, 0.10498046875, -3.757798194885254, -3.757798194885254, -3.757798194885254, 0)]
['125327.708', (0.005817593075335026, -0.012798705138266087, -0.012798705138266087, -0.073486328125, 1.00244140625, 0.1044921875, -3.757798194885254, -3.757798194885254, -3.757798194885254, 0)]
['125328.397', (0.004654074553400278, -0.009308149106800556, -0.015125742182135582, -0.072509765625, 0.999267578125, 0.10400390625, -3.757798194885254, -3.757798194885254, -3.757798194885254, 0)]
['125328.956', (0.0, -0.012798705138266087, -0.013962224125862122, -0.0712890625, 1.00048828125, 0.10498046875, -3.757798194885254, -3.757798194885254, -3.757798194885254, 0)]
['125329.104', (0.002327037276700139, -0.016289260238409042, -0.016289260238409042, -0.071044921875, 1.0048828125, 0.1044921875, -3.757798194885254, -3.757798194885254, -3.757798194885254, 0)]
['125329.207', (0.002327037276700139, -0.013962224125862122, -0.013962224125862122, -0.070556640625, 0.99951171875, 0.103759765625, -3.757798194885254, -3.757798194885254, -3.757798194885254, 0)]
['125329.292', (0.0, -0.015125742182135582, -0.017452780157327652, -0.074951171875, 0.997802734375, 0.1064453125, -3.757798194885254, -3.757798194885254, -3.757798194885254, 0)]
['125329.467', (-0.002327037276700139, -0.015125742182135582, -0.013962224125862122, -0.07568359375, 1.004638671875, 0.103759765625, -3.757798194885254, -3.757798194885254, -3.757798194885254, 0)]
['125329.490', (0.0011635186383500695, -0.012798705138266087, -0.012798705138266087, -0.070068359375, 0.99658203125, 0.103515625, -3.757798194885254, -3.757798194885254, -3.757798194885254, 0)]
['125329.844', (0.0011635186383500695, -0.011635186150670052, -0.009308149106800556, -0.07177734375, 1.002197265625, 0.10595703125, -3.757798194885254, -3.757798194885254, -3.757798194885254, 0)]
['125330.017', (0.0034905560314655304, -0.011635186150670052, -0.010471668094396591, -0.070068359375, 0.99658203125, 0.10693359375, -3.757798194885254, -3.757798194885254, -3.757798194885254, 0)]
['125330.742', (0.0034905560314655304, -0.013962224125862122, -0.013962224125862122, -0.0693359375, 0.99609375, 0.107421875, -3.757798194885254, -3.757798194885254, -3.757798194885254, 0)]
['125330.849', (0.005817593075335026, -0.016289260238409042, -0.012798705138266087, -0.0732421875, 1.000732421875, 0.10595703125, -3.757798194885254, -3.757798194885254, -3.757798194885254, 0)]
['125330.949', (0.005817593075335026, -0.012798705138266087, -0.011635186150670052, -0.07568359375, 0.99853515625, 0.10546875, -3.757798194885254, -3.757798194885254, -3.757798194885254, 0)]
['125331.194', (0.002327037276700139, -0.013962224125862122, -0.012798705138266087, -0.07470703125, 1.000732421875, 0.1025390625, -3.757798194885254, -3.757798194885254, -3.757798194885254, 0)]
['125331.499', (0.0034905560314655304, -0.018616298213601112, -0.013962224125862122, -0.074462890625, 0.999755859375, 0.103515625, -3.757798194885254, -3.757798194885254, -3.757798194885254, 0)]
['125331.600', (0.002327037276700139, -0.016289260238409042, -0.019779816269874573, -0.0712890625, 0.999755859375, 0.1083984375, -3.757798194885254, -3.757798194885254, -3.757798194885254, 0)]
['125331.699', (0.004654074553400278, -0.012798705138266087, -0.010471668094396591, -0.07275390625, 0.9970703125, 0.1064453125, -3.757798194885254, -3.757798194885254, -3.757798194885254, 0)]
['125331.921', (0.005817593075335026, -0.013962224125862122, -0.012798705138266087, -0.070556640625, 0.99560546875, 0.10400390625, -3.757798194885254, -3.757798194885254, -3.757798194885254, 0)]
['125332.109', (0.002327037276700139, -0.013962224125862122, -0.010471668094396591, -0.07080078125, 0.995361328125, 0.10498046875, -3.757798194885254, -3.757798194885254, -3.757798194885254, 0)]
['125332.118', (0.0, -0.015125742182135582, -0.015125742182135582, -0.0712890625, 1.00048828125, 0.10498046875, -3.757798194885254, -3.757798194885254, -3.757798194885254, 0)]
['125332.468', (-0.0011635186383500695, -0.018616298213601112, -0.011635186150670052, -0.072998046875, 0.9990234375, 0.1064453125, -3.757798194885254, -3.757798194885254, -3.757798194885254, 0)]
['125332.522', (-0.002327037276700139, -0.011635186150670052, -0.015125742182135582, -0.073486328125, 0.996826171875, 0.10498046875, -3.757798194885254, -3.757798194885254, -3.757798194885254, 0)]
['125332.553', (0.004654074553400278, -0.013962224125862122, -0.015125742182135582, -0.07177734375, 1.000244140625, 0.10595703125, -3.757798194885254, -3.757798194885254, -3.757798194885254, 0)]
['125332.767', (0.0011635186383500695, -0.013962224125862122, -0.015125742182135582, -0.074462890625, 0.998046875, 0.1064453125, -3.757798194885254, -3.757798194885254, -3.757798194885254, 0)]
['125332.776', (0.0, -0.012798705138266087, -0.013962224125862122, -0.068603515625, 1.00048828125, 0.10400390625, -3.757798194885254, -3.757798194885254, -3.757798194885254, 0)]
['125332.804', (-0.0011635186383500695, -0.016289260238409042, -0.018616298213601112, -0.070556640625, 0.998046875, 0.107421875, -3.757798194885254, -3.757798194885254, -3.757798194885254, 0)]
['125332.902', (0.0011635186383500695, -0.015125742182135582, -0.008144630119204521, -0.072021484375, 0.998291015625, 0.10400390625, -3.757798194885254, -3.757798194885254, -3.757798194885254, 0)]
['125332.907', (0.004654074553400278, -0.013962224125862122, -0.011635186150670052, -0.075927734375, 0.997314453125, 0.1044921875, -3.757798194885254, -3.757798194885254, -3.757798194885254, 0)]
['125333.025', (0.0, -0.015125742182135582, -0.010471668094396591, -0.07177734375, 0.99462890625, 0.10791015625, -3.757798194885254, -3.757798194885254, -3.757798194885254, 0)]
['125333.549', (0.0034905560314655304, -0.013962224125862122, -0.013962224125862122, -0.072509765625, 0.998291015625, 0.10498046875, -3.757798194885254, -3.757798194885254, -3.757798194885254, 0)]
['125333.567', (0.002327037276700139, -0.012798705138266087, -0.016289260238409042, -0.072021484375, 1.001708984375, 0.1083984375, -3.757798194885254, -3.757798194885254, -3.757798194885254, 0)]
['125333.585', (0.005817593075335026, -0.015125742182135582, -0.011635186150670052, -0.074462890625, 1.000732421875, 0.10595703125, -3.757798194885254, -3.757798194885254, -3.757798194885254, 0)]
['125333.603', (0.004654074553400278, -0.017452780157327652, -0.011635186150670052, -0.07373046875, 0.998046875, 0.10400390625, -3.757798194885254, -3.757798194885254, -3.757798194885254, 0)]
['125333.676', (0.0034905560314655304, -0.011635186150670052, -0.013962224125862122, -0.072998046875, 0.999267578125, 0.107421875, -3.757798194885254, -3.757798194885254, -3.757798194885254, 0)]
['125333.708', (0.002327037276700139, -0.013962224125862122, -0.016289260238409042, -0.0712890625, 1.0048828125, 0.1064453125, -3.757798194885254, -3.757798194885254, -3.757798194885254, 0)]
['125333.826', (0.0034905560314655304, -0.012798705138266087, -0.012798705138266087, -0.0732421875, 1.0029296875, 0.103271484375, -3.757798194885254, -3.757798194885254, -3.757798194885254, 0)]
['125333.835', (0.004654074553400278, -0.015125742182135582, -0.013962224125862122, -0.074462890625, 0.995849609375, 0.10498046875, -3.757798194885254, -3.757798194885254, -3.757798194885254, 0)]
['125334.516', (0.004654074553400278, -0.017452780157327652, -0.015125742182135582, -0.0751953125, 0.99853515625, 0.1064453125, -3.757798194885254, -3.757798194885254, -3.757798194885254, 0)]
['125335.283', (-0.0011635186383500695, -0.015125742182135582, -0.015125742182135582, -0.072265625, 1.001708984375, 0.10546875, -3.757798194885254, -3.757798194885254, -3.757798194885254, 0)]
['125335.609', (-0.0011635186383500695, -0.012798705138266087, -0.008144630119204521, -0.072265625, 0.998779296875, 0.107421875, -3.757798194885254, -3.757798194885254, -3.757798194885254, 0)]
['125335.778', (-0.0011635186383500695, -0.012798705138266087, -0.012798705138266087, -0.07470703125, 0.999755859375, 0.10595703125, -3.757798194885254, -3.757798194885254, -3.757798194885254, 0)]
['125335.787', (0.002327037276700139, -0.015125742182135582, -0.011635186150670052, -0.074462890625, 0.997802734375, 0.109375, -3.757798194885254, -3.757798194885254, -3.757798194885254, 0)]
['125335.792', (0.0, -0.013962224125862122, -0.011635186150670052, -0.07177734375, 1.000732421875, 0.10791015625, -3.757798194885254, -3.757798194885254, -3.757798194885254, 0)]
['125335.892', (0.0011635186383500695, -0.015125742182135582, -0.012798705138266087, -0.076171875, 0.998046875, 0.10546875, -3.757798194885254, -3.757798194885254, -3.757798194885254, 0)]
['125335.942', (0.0011635186383500695, -0.012798705138266087, -0.016289260238409042, -0.07470703125, 1.00048828125, 0.1044921875, -3.757798194885254, -3.757798194885254, -3.757798194885254, 0)]
['125336.510', (0.004654074553400278, -0.011635186150670052, -0.012798705138266087, -0.06982421875, 0.997314453125, 0.10693359375, -3.757798194885254, -3.757798194885254, -3.757798194885254, 0)]
['125336.559', (0.0034905560314655304, -0.011635186150670052, -0.012798705138266087, -0.07373046875, 1.003662109375, 0.10595703125, -3.757798194885254, -3.757798194885254, -3.757798194885254, 0)]
['125336.613', (0.005817593075335026, -0.012798705138266087, -0.013962224125862122, -0.075439453125, 0.996826171875, 0.10498046875, -3.757798194885254, -3.757798194885254, -3.757798194885254, 0)]
['125336.712', (0.002327037276700139, -0.012798705138266087, -0.009308149106800556, -0.071044921875, 0.998779296875, 0.10546875, -3.757798194885254, -3.757798194885254, -3.757798194885254, 0)]
['125336.730', (0.002327037276700139, -0.009308149106800556, -0.011635186150670052, -0.07177734375, 0.999267578125, 0.10302734375, -3.757798194885254, -3.757798194885254, -3.757798194885254, 0)]
['125336.818', (0.005817593075335026, -0.013962224125862122, -0.013962224125862122, -0.07177734375, 0.997314453125, 0.10546875, -3.757798194885254, -3.757798194885254, -3.757798194885254, 0)]
['125337.380', (0.004654074553400278, -0.015125742182135582, -0.017452780157327652, -0.069580078125, 1.0009765625, 0.10498046875, -3.757798194885254, -3.757798194885254, -3.757798194885254, 0)]
['125338.149', (0.006981112062931061, -0.015125742182135582, -0.011635186150670052, -0.076171875, 0.9970703125, 0.103515625, -3.757798194885254, -3.757798194885254, -3.757798194885254, 0)]
['125338.404', (0.0011635186383500695, -0.012798705138266087, -0.017452780157327652, -0.071044921875, 1.00244140625, 0.10693359375, -3.757798194885254, -3.757798194885254, -3.757798194885254, 0)]
['125338.560', (0.004654074553400278, -0.012798705138266087, -0.015125742182135582, -0.0703125, 0.999755859375, 0.10546875, -3.757798194885254, -3.757798194885254, -3.757798194885254, 0)]
['125339.944', (0.002327037276700139, -0.013962224125862122, -0.010471668094396591, -0.07275390625, 1.001953125, 0.11083984375, -3.757798194885254, -3.757798194885254, -3.757798194885254, 0)]
['125340.112', (0.0011635186383500695, -0.011635186150670052, -0.009308149106800556, -0.07470703125, 1.00048828125, 0.10546875, -3.757798194885254, -3.757798194885254, -3.757798194885254, 0)]
['125340.502', (0.002327037276700139, -0.011635186150670052, -0.015125742182135582, -0.07666015625, 0.9990234375, 0.10546875, -3.757798194885254, -3.757798194885254, -3.757798194885254, 0)]
['125340.534', (0.0034905560314655304, -0.012798705138266087, -0.016289260238409042, -0.07421875, 0.999755859375, 0.10693359375, -3.757798194885254, -3.757798194885254, -3.757798194885254, 0)]
['125340.570', (0.002327037276700139, -0.011635186150670052, -0.009308149106800556, -0.075439453125, 0.997314453125, 0.10498046875, -3.757798194885254, -3.757798194885254, -3.757798194885254, 0)]
['125340.588', (0.002327037276700139, -0.011635186150670052, -0.011635186150670052, -0.06884765625, 0.999755859375, 0.1044921875, -3.757798194885254, -3.757798194885254, -3.757798194885254, 0)]
['125340.611', (0.0034905560314655304, -0.010471668094396591, -0.015125742182135582, -0.07177734375, 0.9990234375, 0.1064453125, -3.757798194885254, -3.757798194885254, -3.757798194885254, 0)]
['125340.670', (0.002327037276700139, -0.015125742182135582, -0.011635186150670052, -0.07275390625, 0.9990234375, 0.10791015625, -3.757798194885254, -3.757798194885254, -3.757798194885254, 0)]
['125340.733', (0.004654074553400278, -0.012798705138266087, -0.013962224125862122, -0.073486328125, 1.0009765625, 0.10498046875, -3.757798194885254, -3.757798194885254, -3.757798194885254, 0)]
['125341.015', (0.002327037276700139, -0.011635186150670052, -0.013962224125862122, -0.071044921875, 0.998046875, 0.10595703125, -3.757798194885254, -3.757798194885254, -3.757798194885254, 0)]
['125341.176', (0.004654074553400278, -0.012798705138266087, -0.013962224125862122, -0.072265625, 0.9990234375, 0.101318359375, -3.757798194885254, -3.757798194885254, -3.757798194885254, 0)]
['125341.220', (0.0, -0.013962224125862122, -0.015125742182135582, -0.070556640625, 0.998291015625, 0.10693359375, -3.757798194885254, -3.757798194885254, -3.757798194885254, 0)]
['125341.234', (0.0011635186383500695, -0.011635186150670052, -0.012798705138266087, -0.072021484375, 0.997314453125, 0.10498046875, -3.757798194885254, -3.757798194885254, -3.757798194885254, 0)]
['125341.952', (0.0011635186383500695, -0.012798705138266087, -0.013962224125862122, -0.072265625, 1.001708984375, 0.10205078125, -3.757798194885254, -3.757798194885254, -3.757798194885254, 0)]
['125342.275', (0.004654074553400278, -0.015125742182135582, 0.0011635186383500695, -0.074951171875, 1.000732421875, 0.109375, -3.757798194885254, -3.757798194885254, -3.757798194885254, 0)]
['125342.298', (0.016289260238409042, -0.012798705138266087, 0.034905560314655304, -0.072509765625, 0.998046875, 0.111328125, -3.757798194885254, -3.757798194885254, -3.757798194885254, 0)]
['125342.913', (0.9633934497833252, -0.4444641172885895, -0.18849001824855804, 0.11376953125, 0.9326171875, -0.334228515625, -0.7587156295776367, -3.757798194885254, -3.757798194885254, 0)]
['125343.216', (0.551507830619812, -0.2873890995979309, -0.18965353071689606, -0.050048828125, 0.854248046875, -0.5419921875, -0.5330275297164917, -3.757798194885254, -3.757798194885254, 0)]
['125343.364', (-0.6480798721313477, 0.17918187379837036, 0.15358446538448334, 0.0322265625, 0.763671875, -0.562744140625, -0.5247706174850464, -3.757798194885254, -3.757798194885254, 0)]
['125344.718', (-1.5463162660598755, 0.39792338013648987, 0.44097355008125305, 0.10888671875, 0.990966796875, -0.2294921875, -0.2963302731513977, -3.757798194885254, -3.757798194885254, 0)]
['125345.147', (0.37465301156044006, -0.2280496507883072, 0.18616297841072083, 0.195556640625, 0.969482421875, -0.05078125, -1.3963302373886108, -3.757798194885254, -3.757798194885254, 0)]
['125345.284', (1.0832358598709106, -0.40723150968551636, -0.05468537658452988, 0.122802734375, 1.06103515625, -0.099609375, -0.8403669595718384, -3.757798194885254, -3.757798194885254, 0)]
['125345.618', (0.824934720993042, -0.4700615406036377, -0.17569132149219513, -0.057861328125, 0.8076171875, -0.65625, 0.14954128861427307, -0.8321101069450378, -3.757798194885254, 0)]
['125345.790', (-0.6422622799873352, 0.13147760927677155, 0.013962224125862122, -0.1337890625, 0.665771484375, -0.7587890625, 0.09449541568756104, -0.8394495248794556, -3.757798194885254, 0)]
['125346.086', (-1.1402482986450195, 0.4921683967113495, 0.08842741698026657, 0.23291015625, 0.8896484375, -0.16552734375, -0.2440367043018341, -3.757798194885254, -3.757798194885254, 0)]
['125347.340', (-1.2403109073638916, 0.42817485332489014, 0.4456276297569275, 0.04296875, 0.885498046875, -0.418701171875, 0.014678899198770523, -1.4972476959228516, -3.757798194885254, 0)]
['125347.481', (-1.3031408786773682, 0.3909422755241394, 0.27808094024658203, 0.1533203125, 0.945556640625, -0.218017578125, -0.4871559739112854, -3.757798194885254, -3.757798194885254, 0)]
['125348.577', (0.6457528471946716, -0.38628819584846497, -0.2059427946805954, -0.026123046875, 0.757568359375, -0.646484375, -0.20642201602458954, -0.9348623752593994, -3.757798194885254, 0)]
['125348.679', (0.025597410276532173, 0.16405612230300903, -0.11286130547523499, -0.119873046875, 0.729248046875, -0.79833984375, -0.24587155878543854, -0.9568807482719421, -3.757798194885254, 0)]
['125349.479', (-0.3444015085697174, -0.024433892220258713, -0.22339558601379395, 0.11376953125, 1.003662109375, -0.060546875, -1.6238532066345215, -3.757798194885254, -3.757798194885254, 0)]
['125349.603', (-0.3316028118133545, -0.137295201420784, -0.28040799498558044, 0.09033203125, 1.0341796875, -0.040283203125, -1.769724726676941, -3.757798194885254, -3.757798194885254, 0)]
['125349.639', (-0.39792338013648987, -0.2071063220500946, -0.24550242722034454, 0.11376953125, 0.964599609375, 0.0087890625, -3.757798194885254, -3.757798194885254, -3.757798194885254, 0)]
['125349.657', (-0.37116244435310364, -0.21990501880645752, -0.31415003538131714, 0.06640625, 0.9853515625, 0.052734375, -3.757798194885254, -3.757798194885254, -3.757798194885254, 0)]
['125349.698', (-0.34091097116470337, -0.23503077030181885, -0.4444641172885895, 0.07421875, 1.07763671875, -0.0029296875, -3.757798194885254, -3.757798194885254, -3.757798194885254, 0)]
['125349.725', (-0.4910048544406891, -0.32927578687667847, -0.8470415472984314, 0.111328125, 1.0361328125, 0.111572265625, -3.757798194885254, -3.757798194885254, -3.757798194885254, 0)]
['125349.744', (-0.3804706037044525, -0.3071689307689667, -0.9308149218559265, 0.08251953125, 0.98828125, 0.13818359375, -3.757798194885254, -3.757798194885254, -3.757798194885254, 0)]
['125350.124', (-0.032578520476818085, -0.09075445681810379, -0.05352185666561127, -0.069580078125, 1.000732421875, 0.08935546875, -3.757798194885254, -3.757798194885254, -3.757798194885254, 0)]
['125350.255', (-0.004654074553400278, -0.06399352848529816, -0.022106854245066643, -0.0869140625, 0.99609375, 0.09375, -3.757798194885254, -3.757798194885254, -3.757798194885254, 0)]
['125350.273', (-0.008144630119204521, -0.06166648864746094, -0.027924448251724243, -0.09228515625, 1.000732421875, 0.083984375, -3.757798194885254, -3.757798194885254, -3.757798194885254, 0)]
['125350.319', (-0.004654074553400278, -0.06748408079147339, -0.036069076508283615, -0.07958984375, 0.99755859375, 0.0927734375, -3.757798194885254, -3.757798194885254, -3.757798194885254, 0)]
['125350.737', (-0.006981112062931061, -0.044213708490133286, 0.0011635186383500695, -0.05322265625, 0.9921875, 0.0947265625, -3.757798194885254, -3.757798194885254, -3.757798194885254, 0)]
['125351.219', (0.0034905560314655304, -0.006981112062931061, -0.013962224125862122, -0.069580078125, 0.99560546875, 0.096923828125, -3.757798194885254, -3.757798194885254, -3.757798194885254, 0)]
['125351.242', (0.006981112062931061, -0.010471668094396591, 0.0, -0.06982421875, 0.99658203125, 0.09619140625, -3.757798194885254, -3.757798194885254, -3.757798194885254, 0)]
['125351.296', (0.004654074553400278, -0.010471668094396591, -0.009308149106800556, -0.070556640625, 0.999755859375, 0.09423828125, -3.757798194885254, -3.757798194885254, -3.757798194885254, 0)]
['125351.543', (0.006981112062931061, -0.013962224125862122, -0.011635186150670052, -0.073974609375, 1.0029296875, 0.09423828125, -3.757798194885254, -3.757798194885254, -3.757798194885254, 0)]
['125351.606', (0.006981112062931061, -0.009308149106800556, -0.010471668094396591, -0.0673828125, 1.002197265625, 0.08935546875, -3.757798194885254, -3.757798194885254, -3.757798194885254, 0)]
['125351.678', (0.004654074553400278, -0.011635186150670052, -0.013962224125862122, -0.0654296875, 1.00146484375, 0.0908203125, -3.757798194885254, -3.757798194885254, -3.757798194885254, 0)]
['125351.692', (0.0034905560314655304, -0.013962224125862122, -0.012798705138266087, -0.069091796875, 1.004638671875, 0.0908203125, -3.757798194885254, -3.757798194885254, -3.757798194885254, 0)]
['125351.701', (0.006981112062931061, -0.015125742182135582, -0.011635186150670052, -0.06640625, 1.0, 0.09130859375, -3.757798194885254, -3.757798194885254, -3.757798194885254, 0)]
['125351.772', (0.008144630119204521, -0.013962224125862122, -0.015125742182135582, -0.069091796875, 1.001220703125, 0.095458984375, -3.757798194885254, -3.757798194885254, -3.757798194885254, 0)]
['125351.817', (0.009308149106800556, -0.013962224125862122, -0.011635186150670052, -0.068603515625, 0.999267578125, 0.09228515625, -3.757798194885254, -3.757798194885254, -3.757798194885254, 0)]
['125351.827', (0.005817593075335026, -0.012798705138266087, -0.010471668094396591, -0.06884765625, 0.9990234375, 0.09521484375, -3.757798194885254, -3.757798194885254, -3.757798194885254, 0)]
['125351.981', (0.004654074553400278, -0.015125742182135582, -0.010471668094396591, -0.07177734375, 1.002685546875, 0.087890625, -3.757798194885254, -3.757798194885254, -3.757798194885254, 0)]
['125353.005', (0.004654074553400278, -0.012798705138266087, -0.011635186150670052, -0.06591796875, 0.999267578125, 0.0908203125, -3.757798194885254, -3.757798194885254, -3.757798194885254, 0)]
['125353.019', (0.0034905560314655304, -0.011635186150670052, -0.010471668094396591, -0.070068359375, 1.00146484375, 0.08935546875, -3.757798194885254, -3.757798194885254, -3.757798194885254, 0)]
['125353.472', (0.0, -0.015125742182135582, -0.016289260238409042, -0.069580078125, 0.997314453125, 0.0888671875, -3.757798194885254, -3.757798194885254, -3.757798194885254, 0)]
['125353.809', (0.0011635186383500695, -0.013962224125862122, -0.015125742182135582, -0.068603515625, 0.99755859375, 0.092529296875, -3.757798194885254, -3.757798194885254, -3.757798194885254, 0)]
['125353.840', (-0.0034905560314655304, -0.015125742182135582, -0.012798705138266087, -0.070556640625, 0.999267578125, 0.09130859375, -3.757798194885254, -3.757798194885254, -3.757798194885254, 0)]
['125353.948', (-0.002327037276700139, -0.013962224125862122, -0.013962224125862122, -0.06689453125, 1.00634765625, 0.0908203125, -3.757798194885254, -3.757798194885254, -3.757798194885254, 0)]
['125354.011', (0.0011635186383500695, -0.013962224125862122, -0.016289260238409042, -0.06884765625, 1.000244140625, 0.0927734375, -3.757798194885254, -3.757798194885254, -3.757798194885254, 0)]
['125355.154', (0.004654074553400278, -0.015125742182135582, -0.008144630119204521, -0.06689453125, 0.99755859375, 0.09228515625, -3.757798194885254, -3.757798194885254, -3.757798194885254, 0)]
['125355.615', (0.004654074553400278, -0.015125742182135582, -0.010471668094396591, -0.0673828125, 0.99951171875, 0.091796875, -3.757798194885254, -3.757798194885254, -3.757798194885254, 0)]
['125355.647', (0.0034905560314655304, -0.015125742182135582, -0.008144630119204521, -0.069580078125, 1.00244140625, 0.0908203125, -3.757798194885254, -3.757798194885254, -3.757798194885254, 0)]
['125355.660', (0.002327037276700139, -0.011635186150670052, -0.011635186150670052, -0.070068359375, 0.999267578125, 0.0927734375, -3.757798194885254, -3.757798194885254, -3.757798194885254, 0)]
['125356.256', (0.002327037276700139, -0.015125742182135582, -0.010471668094396591, -0.0693359375, 0.9970703125, 0.0947265625, -3.757798194885254, -3.757798194885254, -3.757798194885254, 0)]
['125356.265', (0.0, -0.012798705138266087, -0.010471668094396591, -0.0654296875, 0.998291015625, 0.091796875, -3.757798194885254, -3.757798194885254, -3.757798194885254, 0)]
['125356.671', (0.0011635186383500695, -0.013962224125862122, -0.010471668094396591, -0.0654296875, 0.9990234375, 0.09228515625, -3.757798194885254, -3.757798194885254, -3.757798194885254, 0)]
['125356.849', (-0.004654074553400278, -0.015125742182135582, -0.015125742182135582, -0.0712890625, 1.002197265625, 0.091796875, -3.757798194885254, -3.757798194885254, -3.757798194885254, 0)]
['125356.895', (0.0, -0.012798705138266087, -0.015125742182135582, -0.064453125, 0.998291015625, 0.09033203125, -3.757798194885254, -3.757798194885254, -3.757798194885254, 0)]
['125356.970', (0.0011635186383500695, -0.015125742182135582, -0.012798705138266087, -0.06640625, 0.9990234375, 0.09130859375, -3.757798194885254, -3.757798194885254, -3.757798194885254, 0)]
['125358.223', (0.002327037276700139, -0.013962224125862122, -0.012798705138266087, -0.0654296875, 1.000244140625, 0.08984375, -3.757798194885254, -3.757798194885254, -3.757798194885254, 0)]
['125358.457', (0.0034905560314655304, -0.010471668094396591, -0.012798705138266087, -0.069580078125, 1.002197265625, 0.09228515625, -3.757798194885254, -3.757798194885254, -3.757798194885254, 0)]
['125359.294', (0.0011635186383500695, -0.013962224125862122, -0.011635186150670052, -0.068603515625, 1.00244140625, 0.09375, -3.757798194885254, -3.757798194885254, -3.757798194885254, 0)]
['125359.547', (0.0, -0.012798705138266087, -0.016289260238409042, -0.0673828125, 1.00146484375, 0.09375, -3.757798194885254, -3.757798194885254, -3.757798194885254, 0)]
['125359.967', (-0.0011635186383500695, -0.011635186150670052, -0.012798705138266087, -0.06787109375, 1.00048828125, 0.0927734375, -3.757798194885254, -3.757798194885254, -3.757798194885254, 0)]
['125400.654', (0.0034905560314655304, -0.011635186150670052, -0.013962224125862122, -0.066162109375, 0.997802734375, 0.09423828125, -3.757798194885254, -3.757798194885254, -3.757798194885254, 0)]
['125400.663', (0.004654074553400278, -0.013962224125862122, -0.015125742182135582, -0.070556640625, 0.998291015625, 0.095703125, -3.757798194885254, -3.757798194885254, -3.757798194885254, 0)]
['125400.786', (0.0034905560314655304, -0.013962224125862122, -0.012798705138266087, -0.06689453125, 1.0029296875, 0.094970703125, -3.757798194885254, -3.757798194885254, -3.757798194885254, 0)]
['125401.664', (0.002327037276700139, -0.011635186150670052, -0.012798705138266087, -0.0673828125, 1.00390625, 0.093017578125, -3.757798194885254, -3.757798194885254, -3.757798194885254, 0)]
['125401.884', (-0.0011635186383500695, -0.013962224125862122, -0.012798705138266087, -0.06689453125, 1.0, 0.09375, -3.757798194885254, -3.757798194885254, -3.757798194885254, 0)]
['125401.893', (0.002327037276700139, -0.011635186150670052, -0.011635186150670052, -0.070068359375, 1.002685546875, 0.09033203125, -3.757798194885254, -3.757798194885254, -3.757798194885254, 0)]
['125402.786', (0.0, -0.015125742182135582, -0.011635186150670052, -0.0625, 0.99951171875, 0.0908203125, -3.757798194885254, -3.757798194885254, -3.757798194885254, 0)]
['125402.809', (0.0, -0.015125742182135582, -0.012798705138266087, -0.066650390625, 1.002197265625, 0.0908203125, -3.757798194885254, -3.757798194885254, -3.757798194885254, 0)]
['125403.065', (0.0, -0.011635186150670052, -0.012798705138266087, -0.0693359375, 1.00244140625, 0.09423828125, -3.757798194885254, -3.757798194885254, -3.757798194885254, 0)]
['125403.695', (0.004654074553400278, -0.011635186150670052, -0.010471668094396591, -0.06884765625, 1.001708984375, 0.09716796875, -3.757798194885254, -3.757798194885254, -3.757798194885254, 0)]
['125406.084', (0.002327037276700139, -0.011635186150670052, -0.010471668094396591, -0.06787109375, 1.001708984375, 0.0947265625, -3.757798194885254, -3.757798194885254, -3.757798194885254, 0)]
['125406.180', (-0.002327037276700139, -0.016289260238409042, -0.019779816269874573, -0.068359375, 0.997314453125, 0.09619140625, -3.757798194885254, -3.757798194885254, -3.757798194885254, 0)]
['125407.173', (0.009308149106800556, -0.011635186150670052, -0.009308149106800556, -0.06787109375, 0.99853515625, 0.09326171875, -3.757798194885254, -3.757798194885254, -3.757798194885254, 0)]
['125407.178', (0.0011635186383500695, -0.011635186150670052, -0.010471668094396591, -0.0703125, 1.002685546875, 0.09912109375, -3.757798194885254, -3.757798194885254, -3.757798194885254, 0)]
['125407.205', (0.004654074553400278, -0.011635186150670052, -0.008144630119204521, -0.0693359375, 0.99951171875, 0.09814453125, -3.757798194885254, -3.757798194885254, -3.757798194885254, 0)]
['125407.264', (0.005817593075335026, -0.012798705138266087, -0.018616298213601112, -0.06787109375, 0.998291015625, 0.096435546875, -3.757798194885254, -3.757798194885254, -3.757798194885254, 0)]
['125407.333', (0.002327037276700139, -0.016289260238409042, -0.009308149106800556, -0.070556640625, 1.001220703125, 0.09423828125, -3.757798194885254, -3.757798194885254, -3.757798194885254, 0)]
['125407.366', (0.002327037276700139, -0.010471668094396591, -0.009308149106800556, -0.068115234375, 1.002685546875, 0.09228515625, -3.757798194885254, -3.757798194885254, -3.757798194885254, 0)]
['125407.500', (0.005817593075335026, -0.011635186150670052, -0.013962224125862122, -0.067138671875, 1.00244140625, 0.095947265625, -3.757798194885254, -3.757798194885254, -3.757798194885254, 0)]
['125408.204', (0.0, -0.012798705138266087, -0.015125742182135582, -0.0693359375, 1.00244140625, 0.095458984375, -3.757798194885254, -3.757798194885254, -3.757798194885254, 0)]
['125408.440', (0.0, -0.013962224125862122, -0.012798705138266087, -0.06884765625, 0.99609375, 0.09326171875, -3.757798194885254, -3.757798194885254, -3.757798194885254, 0)]
['125408.486', (-0.0011635186383500695, -0.015125742182135582, -0.011635186150670052, -0.06884765625, 0.999755859375, 0.09521484375, -3.757798194885254, -3.757798194885254, -3.757798194885254, 0)]
['125409.073', (0.0, -0.013962224125862122, -0.011635186150670052, -0.070556640625, 1.0029296875, 0.09375, -3.757798194885254, -3.757798194885254, -3.757798194885254, 0)]
['125409.935', (0.0011635186383500695, -0.015125742182135582, -0.015125742182135582, -0.070068359375, 1.000244140625, 0.095703125, -3.757798194885254, -3.757798194885254, -3.757798194885254, 0)]
['125410.164', (0.002327037276700139, -0.015125742182135582, -0.008144630119204521, -0.072509765625, 1.00048828125, 0.097412109375, -3.757798194885254, -3.757798194885254, -3.757798194885254, 0)]
['125410.201', (0.0, -0.016289260238409042, -0.012798705138266087, -0.068603515625, 0.998291015625, 0.097412109375, -3.757798194885254, -3.757798194885254, -3.757798194885254, 0)]
['125411.001', (0.0034905560314655304, -0.012798705138266087, -0.012798705138266087, -0.06591796875, 0.997802734375, 0.09423828125, -3.757798194885254, -3.757798194885254, -3.757798194885254, 0)]
['125411.068', (0.002327037276700139, -0.013962224125862122, -0.012798705138266087, -0.071044921875, 1.001220703125, 0.0947265625, -3.757798194885254, -3.757798194885254, -3.757798194885254, 0)]
['125411.073', (0.0, -0.010471668094396591, -0.016289260238409042, -0.0703125, 1.000732421875, 0.09375, -3.757798194885254, -3.757798194885254, -3.757798194885254, 0)]
['125411.583', (0.0011635186383500695, -0.010471668094396591, -0.015125742182135582, -0.06787109375, 1.003662109375, 0.09521484375, -3.757798194885254, -3.757798194885254, -3.757798194885254, 0)]
['125411.677', (0.004654074553400278, -0.011635186150670052, -0.010471668094396591, -0.068603515625, 0.998779296875, 0.09375, -3.757798194885254, -3.757798194885254, -3.757798194885254, 0)]
['125411.686', (0.004654074553400278, -0.013962224125862122, -0.015125742182135582, -0.071044921875, 1.002197265625, 0.09619140625, -3.757798194885254, -3.757798194885254, -3.757798194885254, 0)]
['125411.695', (0.004654074553400278, -0.013962224125862122, -0.010471668094396591, -0.06591796875, 1.00048828125, 0.09130859375, -3.757798194885254, -3.757798194885254, -3.757798194885254, 0)]
['125412.431', (0.3094959557056427, 0.09075445681810379, 0.4560993015766144, -0.05859375, 1.001953125, 0.09228515625, -3.757798194885254, -3.757798194885254, -3.757798194885254, 0)]
['125412.949', (1.4288009405136108, -0.4898413419723511, -0.46657097339630127, 0.15087890625, 0.8193359375, -0.43115234375, 0.3678899109363556, -0.9522935748100281, -3.757798194885254, 0)]
['125414.418', (0.32462170720100403, -0.4107220768928528, -0.1268235296010971, -0.07861328125, 0.70751953125, -0.65966796875, -0.055045872926712036, -1.1697248220443726, -3.757798194885254, 0)]
['125414.566', (-0.8528591394424438, 0.47820615768432617, 0.1489303857088089, -0.123779296875, 0.72314453125, -0.65966796875, -0.09266055375337601, -1.442201852798462, -3.757798194885254, 0)]
['125415.213', (0.36185428500175476, -0.068647600710392, 0.46540746092796326, 0.1826171875, 1.046875, 0.081787109375, -1.747706413269043, -3.757798194885254, -3.757798194885254, 0)]
['125416.500', (0.025597410276532173, 0.018616298213601112, -0.06515704095363617, 0.076904296875, 0.994384765625, 0.06103515625, -3.757798194885254, -3.757798194885254, -3.757798194885254, 0)]
['125416.802', (1.4555617570877075, -0.4933319091796875, -0.1722007542848587, 0.10205078125, 0.98583984375, -0.144775390625, -0.842201828956604, -3.757798194885254, -3.757798194885254, 0)]
['125417.158', (0.11286130547523499, -0.23386724293231964, -0.23619428277015686, -0.03564453125, 0.595458984375, -0.74560546875, 0.022018348798155785, -0.9284403920173645, -3.757798194885254, 0)]
['125417.484', (-1.3136125802993774, 0.4910048544406891, 0.4956589341163635, 0.100830078125, 1.02978515625, -0.23486328125, -0.2825688123703003, -3.757798194885254, -3.757798194885254, 0)]
['125417.506', (-1.264744758605957, 0.46191689372062683, 0.388615220785141, 0.135986328125, 0.986328125, -0.16796875, -0.3871559798717499, -3.757798194885254, -3.757798194885254, 0)]
['125417.551', (-1.0250599384307861, 0.3537096679210663, -0.14078575372695923, 0.1982421875, 1.125, -0.1591796875, -0.60550457239151, -3.757798194885254, -3.757798194885254, 0)]
['125417.655', (-0.8388969302177429, 0.10937075316905975, -0.4793696701526642, 0.125, 1.0703125, -0.121337890625, -1.3844037055969238, -3.757798194885254, -3.757798194885254, 0)]
['125418.469', (1.4695240259170532, -0.553834855556488, -0.2396848350763321, 0.06396484375, 0.92041015625, -0.35888671875, -0.16238532960414886, -1.6899082660675049, -3.757798194885254, 0)]
['125418.487', (1.410184621810913, -0.5817593336105347, -0.2175779789686203, 0.03662109375, 0.878662109375, -0.42822265625, -0.12110091745853424, -1.541284441947937, -3.757798194885254, 0)]
['125418.582', (1.3043043613433838, -0.6294636130332947, -0.20826983451843262, 0.11328125, 0.792236328125, -0.53955078125, 0.07706422358751297, -0.7954128384590149, -3.757798194885254, 0)]
['125418.899', (-1.0262234210968018, 0.47471559047698975, 0.2641187310218811, -0.106201171875, 0.6396484375, -0.693603515625, -0.13302752375602722, -1.0091743469238281, -3.757798194885254, 0)]
['125419.100', (-1.1972607374191284, 0.6399352550506592, 0.4014139175415039, 0.091064453125, 0.882080078125, -0.341064453125, -0.13577981293201447, -3.757798194885254, -3.757798194885254, 0)]
['125419.887', (-0.2524835467338562, -0.2280496507883072, -0.3665083646774292, -0.0087890625, 0.98681640625, 0.0400390625, -3.757798194885254, -3.757798194885254, -3.757798194885254, 0)]
['125419.958', (-0.09540852904319763, -0.09540852904319763, -0.1722007542848587, -0.0380859375, 1.00537109375, 0.05029296875, -3.757798194885254, -3.757798194885254, -3.757798194885254, 0)]
['125420.038', (-0.13496816158294678, -0.10820723325014114, -0.0802827849984169, -0.02685546875, 1.01513671875, 0.072265625, -3.757798194885254, -3.757798194885254, -3.757798194885254, 0)]
['125420.242', (-0.06050296872854233, -0.020943336188793182, -0.005817593075335026, -0.03857421875, 0.99951171875, 0.07177734375, -3.757798194885254, -3.757798194885254, -3.757798194885254, 0)]
['125420.489', (-0.048867784440517426, -0.041886672377586365, 0.046540744602680206, -0.02685546875, 1.01708984375, 0.060791015625, -3.757798194885254, -3.757798194885254, -3.757798194885254, 0)]
['125420.556', (-0.023270372301340103, -0.036069076508283615, -0.009308149106800556, -0.022705078125, 0.998291015625, 0.075439453125, -3.757798194885254, -3.757798194885254, -3.757798194885254, 0)]
['125420.582', (-0.022106854245066643, -0.0570124126970768, -0.025597410276532173, -0.0400390625, 1.0126953125, 0.07080078125, -3.757798194885254, -3.757798194885254, -3.757798194885254, 0)]
['125421.378', (0.009308149106800556, -0.027924448251724243, 0.005817593075335026, -0.06982421875, 0.993896484375, 0.0751953125, -3.757798194885254, -3.757798194885254, -3.757798194885254, 0)]
['125421.427', (-0.008144630119204521, 0.0011635186383500695, -0.013962224125862122, -0.06201171875, 1.000732421875, 0.079833984375, -3.757798194885254, -3.757798194885254, -3.757798194885254, 0)]
['125421.866', (0.027924448251724243, -0.024433892220258713, -0.002327037276700139, -0.0537109375, 1.00439453125, 0.0703125, -3.757798194885254, -3.757798194885254, -3.757798194885254, 0)]
